0.0,0.0,0.8442670440891085
-0.11737371739534669,0.03469213851335232,0.8355886881875562
-0.18142248655685467,-0.04474614833837845,0.4831504655855482
-0.23523758686697957,0.08627915155143975,0.06995121357343348
0.11806193015391596,-0.0342479746531338,0.8568024017235748
0.11836120765333542,-0.18502021282067155,0.5203713778740681
0.08870906929368566,-0.03535487644442639,0.09848045602824218
-0.01044864664632898,0.08295564312141909,1.0475001322266115
-0.03727172851651478,0.18111076473468476,1.2699271632698461
-0.019191847757224916,0.1159021614228827,1.4112538512831145
-0.07163077675900405,0.25284040879742287,1.4148813065743733
0.13412314805303638,0.17116526934563867,1.255285686872055
0.26012580595005236,-0.040527657783878256,1.0797411764442322
0.1057067457650001,-0.2506813283061583,1.1160095323764025
-0.16620057650548303,0.08680650103431051,1.254807050767739
-0.22942580491511322,0.08946995107471109,1.0049814573475537
-0.17793795398599102,-0.10641239715715763,0.8297615461551888
