0.0,0.0,0.8442670440891085
-0.0476919879454824,-0.1319834044611086,0.8600329865386811
0.10220163445166532,-0.327060095936407,0.5540839471602015
0.005265456539498857,-0.23183938262597906,0.13927007577072092
0.04178926575084408,0.13258141978610208,0.8314625398834687
0.1773383223558758,0.0885610236858605,0.4949349221112356
0.08277393705848893,0.21980777882756614,0.07566365253304641
-0.031142172667921946,0.0486838839651592,1.0585835524194915
-0.0906560622448246,0.1592753562143123,1.2781786735773126
-0.052140048298002846,0.12484693772204464,1.415144493336843
-0.10681481558249642,0.25448959820774797,1.4244322609257747
0.048243413209266395,0.21460849180437452,1.2346870200918947
0.16298604953740167,0.2819152519247947,1.0069281706940147
0.3431455621442588,0.17969995669197544,0.8636733620914359
-0.19213255621409353,-0.004704467916047472,1.2963556145953008
-0.2394359143168146,-0.3309005302054278,1.2387171827758172
0.015527627601160233,-0.40119548163145946,1.2391440652349333
