0.0,0.0,0.8442670440891085
-0.10901440646722321,0.0573366537416441,0.8380595841695523
-0.12785271127713219,-0.25985012132941604,0.5920257959079172
-0.11881943663037438,-0.10524784575920466,0.15603040535162227
0.10933279874676113,-0.059675420714773976,0.8527123866370521
0.1444575629829194,-0.37150331934209146,0.5887270347641458
0.14179574404248876,-0.24847328643586009,0.17227930259786717
0.010441632736152553,0.04992806486465046,1.066625577817404
0.02100616690406884,0.08055293467860189,1.3192172823536272
0.012614762171324333,0.005417776168100794,1.4317054829602824
-0.01927808506236945,0.0949578655215843,1.4541586634868149
0.17460863526168532,0.06979686854166413,1.2837679275877658
0.23444556311683581,-0.22808415876025068,1.2139371193699289
0.23567467185642216,-0.3027889945517752,1.2486771285870093
-0.12581766417236034,0.07663178210282856,1.3120216910160922
-0.21411082846888585,0.33007171982207306,1.1914707131067348
-0.2101645204621437,0.11308810463835255,1.161203343919247
