0.0,0.0,0.8442670440891085
-0.05809778650670904,-0.10900424526169199,0.8609465892890367
0.022681463852625386,-0.26422261790811497,0.5417263892370903
-0.03889457783922509,-0.1877939524945109,0.1536401174016001
0.04895589451249897,0.11877145082745667,0.8278983855670689
0.02989049608836442,0.19787389116557264,0.4439660696865577
-0.03928411452336222,0.3538863295690503,0.045690791327111735
-0.03527027102663523,0.059534764857748265,1.046058895992995
-0.10032391226202475,0.18129325220730802,1.2588729013267637
-0.07692484989067377,0.1291991545779653,1.388544547526306
-0.13309258534242877,0.2622876281344256,1.39211409631694
0.03248779215767829,0.22705315019015387,1.2183375799292109
0.062226517433534946,0.2884997267369105,0.9832957356008657
0.2762258683777432,0.13006410395780513,0.957691460079965
-0.18624989541125367,0.01037485067612642,1.276742426776088
-0.18855351898244058,-0.30263913813889604,1.1880546288046612
0.02208233903388681,-0.39587491305119005,1.2900815722491414
