0.0,0.0,0.8442670440891085
-0.04984399913327092,-0.11989540077514983,0.860923974718178
0.09581438539687735,-0.29629779491099667,0.5476374740201511
0.017932917722595122,-0.2356268047689098,0.14724812595006465
0.04321079109345055,0.11864182249552789,0.8315024336800947
0.21800638739304867,-0.053344402616320896,0.5186552595170306
0.09799117089305096,0.08046161546319269,0.11091889175463887
-0.023394605161362856,0.018964874603386393,1.0621024713254834
-0.0585297224721284,0.05441551298340884,1.3012076325194992
-0.049398968561399845,-0.0029039412302062947,1.4146094107415719
-0.0943018559063579,0.11787436963340672,1.4293031678942587
0.0956511818851498,0.07692571175141351,1.2682248773595202
0.1396445952629794,-0.2145315533248584,1.136991076902983
-0.04485464820719369,-0.1975951189603287,1.2255050030433514
-0.18324039895206978,-0.0313256195134684,1.2987145878894024
-0.23555013416266085,0.0801658666367285,1.0552447693476532
-0.22572491763375166,-0.18003186025928414,1.104012822441812
