0.0,0.0,0.8442670440891085
-0.038508548322085626,-0.1332163089512569,0.8582933745853584
0.17471682682706705,-0.41278096153541055,0.6047169093255708
0.009788573372999078,-0.35422364653751875,0.18429232886849445
0.034662038966459065,0.1348440940037144,0.8332030530104143
0.20401869755369062,0.03313532037150036,0.521737901314083
0.04575816528727543,0.1846731716325531,0.10421081973015656
-0.05844535298395207,0.06404732829099448,1.0507078365756544
-0.13927708243749104,0.17931815609612348,1.265715401181359
-0.09013849286848424,0.15132104432166713,1.4102623727983175
-0.1480833060865794,0.2792708318921525,1.4205817554892923
0.010389275481916408,0.2336993644929896,1.2278449341696236
0.15771188836582928,0.2863373006334177,1.0101277901764296
0.3476320631672852,0.18810847282895057,0.8671341750243525
-0.2513016810896727,0.020539564600038095,1.276627901359422
-0.39391675305232965,-0.2719740862319456,1.2651938667937725
-0.1628786496447913,-0.34750214950949576,1.293982990116407
