0.0,0.0,0.8442670440891085
-0.1144836923214931,0.05059788551805374,0.8374311264547752
-0.20231006964283546,-0.07596469922684827,0.5155871160710332
-0.22327488108671437,0.04530647874018361,0.08784743945192064
0.1149792999998193,-0.05116058978548334,0.8546378586954451
0.14208306360870687,-0.35792664587593703,0.5790437166573841
0.16190638501438756,-0.20923418183697662,0.14871706601482926
-0.007004755606553231,0.08270411404534651,1.048641366503365
-0.03345356156148801,0.18225239748169858,1.270245019617072
-0.02486880928654326,0.1207386069211708,1.4098582742068408
-0.0743918526811078,0.2575227986984505,1.4136249849602855
0.13920580791155965,0.17354487893439724,1.2579454235641003
0.3344568335617709,-0.01291083727419203,1.1118236099848335
0.26890305423809147,-0.29648707700010124,1.1764473832791658
-0.16398243630281314,0.09232686519509772,1.254069139317263
-0.2588207786446675,0.059180279566768725,1.0140992100495834
-0.25109851696129676,-0.17451571422995715,0.8516915292838004
