0.0,0.0,0.8442670440891085
-0.10375675893596775,0.033066823707070356,0.8378549059476337
-0.11095174902699091,-0.3258393271858538,0.5918602332589622
-0.13893601789602433,-0.1891267327743481,0.1944587561623129
0.105513073870129,-0.035744176891905205,0.8526409591953474
0.08921489539867612,-0.21263714283703783,0.5670022209925687
0.07755597761284151,-0.0801944589791423,0.17486369078273312
-0.012028847579493277,0.045567874119921054,1.055787852967216
-0.06427238001732295,0.1400094544137277,1.2801257674949507
-0.062368661133424014,0.09631116423061278,1.3752056294653139
-0.10167990234458012,0.21998835925513574,1.3826153505496457
0.0795034600102927,0.17163505042233246,1.2879464994202992
0.22039015733553033,0.3169742905525832,1.3739939622550237
0.3510516983104638,0.4214531977793725,1.4962829404292934
-0.15396604140655656,-0.003834288370571626,1.2549815518462055
-0.04534798645095867,-0.27503120014636784,1.1631367503966794
0.1635172006147221,-0.3952811496116174,1.272818186589316
