0.0,0.0,0.8442670440891085
-0.09885153244989994,0.003241457140613722,0.8444251795469878
-0.1135922027964595,-0.010188728392840272,0.47034280748926716
-0.15803863873081586,0.15069747910315406,0.08170034597258369
0.09174516700727453,0.004985297742883938,0.8431800873889599
0.09289942652658423,-0.04981621687314899,0.4932120394879475
0.04786836120527989,0.0869283175354206,0.08836897069843874
0.010065530954956624,0.06283262407134467,1.0571669039227964
0.0006628057604303072,0.15758352320458946,1.2933711737805695
0.01655404221008082,0.10832540820864756,1.4029629664372925
-0.03265165326490727,0.23489170220749753,1.4136875657423698
0.14866789453330248,0.14760115862628642,1.2658007940539635
0.30410000455491965,-0.07498939273408294,1.1582876615780193
0.19817438682966132,-0.26922850097120277,1.2389117483777534
-0.10519295796709636,0.04923464559003348,1.2997589696204075
-0.1017588082183406,-0.24606550828290388,1.2338026239386752
0.1317324313586714,-0.37218914211233034,1.2677692354169086
