0.0,0.0,0.8442670440891085
-0.035436254008167696,-0.13706054849342442,0.8619592798217444
0.08050366735790623,-0.2804169296649936,0.5351582394299138
-0.009479925413727466,-0.20275091144456583,0.11851767168279681
0.02857266730589572,0.1386190059236325,0.8272515382184643
0.15582706307988442,0.10679458805324066,0.4965404705680524
0.04925584371632048,0.21601341387986547,0.07286622780201335
-0.011882135634924318,0.02070708596948538,1.0770249779300116
-0.045821069257485164,0.06685637890097447,1.3316529451596832
-0.028969045614809407,0.03046145582222134,1.4393335945062318
-0.07754243089301505,0.15591631330537856,1.452698503855449
0.04759810479652874,0.1777872073457762,1.2938154848712198
0.09369930768471883,0.43275178034402517,1.240313475093012
0.2718898149381032,0.3615566472000501,1.2993835487431562
-0.11846433222956182,-0.09760335221526968,1.3343040402865964
-0.092810839570414,-0.36825481839938595,1.3856203327664023
-0.10617372676151397,-0.5454479190242832,1.4380228974508706
