0.0,0.0,0.8442670440891085
-0.10737889292108539,0.03355539933802616,0.8393531357819092
-0.1492043905811821,0.03762844144609373,0.44438078733195174
-0.21183380884589395,0.19931915508993367,0.06022235022460165
0.1021284261988642,-0.026125933185009522,0.8508158152261034
0.09992516466376236,-0.06006088493335507,0.472698616402115
0.045817657483054296,0.09376539571471737,0.08611622086121773
0.0016439684973215817,0.059672297208385426,1.062740472531705
-0.01187550636083706,0.13232072878328496,1.3075968313095714
-0.023161862557146,0.07894272229536027,1.4603281235305943
-0.05866263055171871,0.17766400383262962,1.4780290537404723
0.14994121549597111,0.11272581435266413,1.2870913886702882
0.1730894996884167,-0.20957454285310756,1.2058047970407197
0.056999730679129675,-0.0949580452710099,1.3406372802234758
-0.14865422721496127,0.10109272213660857,1.2797365130319842
-0.1768851065851009,0.26417528289152364,1.035846457446879
-0.164471356774467,-0.03397626072623226,1.123000295954613
