0.0,0.0,0.8442670440891085
-0.10891826675265523,0.02946241762070899,0.8438565322252692
-0.1997536836095523,-0.07796095306870417,0.5169065466621965
-0.2685187407885662,0.08352352930558848,0.09981765230417994
0.10505753563153337,-0.01698718112916791,0.8454507660240705
0.0823994777064135,-0.07220723255214853,0.49994767088438585
0.014320664251153005,0.09299942946716364,0.09840365605245305
0.0174168760561611,0.033885823038712806,1.0678792501340097
-0.003166101483100083,0.13701709126888353,1.3048726839047522
0.012012859140288825,0.06826322055926969,1.4354354302454633
-0.04725247126329794,0.22490826467208389,1.4351045801529263
0.15820820364139865,0.15936387184455406,1.280729172942709
0.2687056947266391,0.34809286576051074,1.1717711279702905
0.46277485395084,0.27259353551003535,1.159495742444022
-0.13327254825629323,0.03721232753550873,1.2943796186564833
-0.344284090230921,0.04777856430585489,1.1949516652529795
-0.5042520425297552,-0.16266759338300696,1.1913105988971568
