0.0,0.0,0.8442670440891085
-0.07400426529810263,-0.06693879326506508,0.8549503354269057
-0.05586166773457215,-0.06742017256242529,0.460095829091632
-0.10004706823824365,0.05608441133229367,0.07297374382012956
0.06030027093724542,0.0861048255295891,0.8308638110119683
0.030646242560427184,0.12790804531635427,0.4285160538261723
-0.04798807838135619,0.2845397434672238,0.03651099706767691
-0.0005287126521169925,0.04681616234567361,1.060047772764358
-0.030053308997208577,0.14530139481960036,1.2930446622507457
-0.012289607057895682,0.09387925845219838,1.4477014418703265
-0.056769303579272075,0.20927609529074928,1.4578702970274195
0.11583426197448846,0.16413358516467755,1.2577782685174126
0.28464001404064976,-0.03682964907676984,1.1148602474192604
0.21194633643926383,-0.28466648462945765,1.235529970285986
-0.13199383829646558,0.00818968543154552,1.2941714912696323
-0.1279975658466713,-0.31527362631088063,1.260488796548338
0.10965532094730343,-0.4363839749510102,1.3327189918337479
