0.0,0.0,0.8442670440891085
-0.10725714395414111,0.024553491568298124,0.8400191834258957
-0.1489508887461853,-0.07326370837014155,0.48779364086923904
-0.22849306664736735,0.09225180308843142,0.1014931406355023
0.10545344820787249,-0.01721312203128387,0.8494942308406944
0.0655571692661762,-0.023345517856884653,0.46680224956508826
-0.003304565901911576,0.14301615270785045,0.07990170763366156
-0.008708361354199215,0.047615955155028374,1.071562521810657
-0.03836131103372278,0.12215900112136234,1.3188992007319724
-0.030186158458760846,0.07970624306680883,1.4767183955853076
-0.061262729659641614,0.17056401993528336,1.4948385926252805
0.12374700211181038,0.12105149906142013,1.3042906707576114
0.23973196668947402,-0.17682475213447882,1.2478585380724438
0.111766471466974,-0.11725781635599312,1.4096444624456153
-0.1626296393504851,0.030588417439428344,1.2896306067477374
-0.1456718325548063,-0.246993227831802,1.1631882964935674
-0.00023609999378480925,-0.18481836347695949,1.3652611395299257
