0.0,0.0,0.8442670440891085
-0.1079773121002685,0.05978850928563744,0.8377048635463212
-0.13145554042771362,-0.24041739410415147,0.5776991018754094
-0.13332360301439306,-0.07723717150428008,0.16176068171073954
0.10695241903984215,-0.0630802279936445,0.8539902539251691
0.12851361957495921,-0.3535631176228689,0.58040087879635
0.1260392406914866,-0.23121609329505738,0.17454413219144405
0.007611599863507433,0.07508910633470098,1.0478539275719931
0.009284688386153641,0.1294746772570179,1.2815363688555643
-0.014916613713366087,0.057204255442328655,1.3949881641766642
-0.0520003770202956,0.16574079165230693,1.4139260749883553
0.16913613620619417,0.10518170187519929,1.2521275680095767
0.22945356096248926,-0.15076639744830586,1.1065196604316505
0.06228874040061245,-0.2235143523769967,1.210894538391746
-0.12974100384778528,0.11449112177728235,1.2695725731154628
-0.17486291097123974,0.21302954103031535,1.0273405877382826
-0.16315856436085457,-0.05809222224824218,1.0892343794150565
