0.0,0.0,0.8442670440891085
-0.10967112967815051,0.02490734944577106,0.835353980594228
-0.10452485464700131,0.041037155765071484,0.4461477352910807
-0.14987834760808352,0.17617826064595268,0.050423076184936466
0.10514657011546508,-0.019674291325992157,0.855503291683769
0.17121058226115854,-0.1946568213520651,0.5358907751020454
0.14500866300530413,-0.0640700420174057,0.14280425461934154
-0.007039651275228737,0.03537785569390671,1.0620054813138802
-0.011733386306216596,0.048991347855495325,1.3107649553646639
-0.0054911215115096825,-0.030089826243392948,1.4185968382856133
-0.048238260830721164,0.09080452474181179,1.437682079868859
0.14762947872287965,0.05233600455627091,1.2710720651468896
0.19581116085142278,-0.2092127916186415,1.139444607278143
0.012649221559211587,-0.2338187937618951,1.2322762676558094
-0.15185538102784263,0.009450232420139672,1.3080345936215243
-0.18291335598098327,0.15062087047886602,1.0555910250104885
-0.19463835192270487,-0.10903844024321768,1.179427189369243
