0.0,0.0,0.8442670440891085
-0.07790719607260455,-0.05205009414597995,0.85316697185664
-0.07232312295871755,-0.02560202271791602,0.4789519286005831
-0.12385953918657856,0.12489903115451541,0.10214842619656406
0.060671788350794106,0.07786524747657474,0.8311374705235737
0.040213075703194705,0.12267862333693466,0.46352843432346336
-0.047507761117644855,0.3009973872070169,0.0825366275870052
0.008514689005890395,0.040982577526475154,1.056287753371082
-0.013020415672704655,0.13235616834009115,1.2883414930047894
-0.0015919487043266442,0.06940888645834742,1.4341388452594535
-0.04555511256097273,0.18504165434367348,1.4458955581930817
0.13314236052294334,0.14525178330295535,1.2540615142529474
0.28975561206435585,-0.05441456654552167,1.1008572933616971
0.23895594301767006,-0.3069566062699308,1.18289564886622
-0.12145609834155668,0.020803065224320866,1.2849125082239907
-0.14334060844087004,-0.25919301630554215,1.185758243964514
0.06121930177767044,-0.4067038442325751,1.215696703024664
