0.0,0.0,0.8442670440891085
-0.11486106535635157,0.02416910914978114,0.8417946519894882
-0.1831399241900913,0.11389316443314045,0.4425162043238612
-0.24787326277427865,0.25030563973878983,0.027660132874966603
0.113095162228176,-0.023241582608642668,0.8507247882483476
0.15595806003754886,-0.22637315349887085,0.5376537037432567
0.15193458448389577,-0.06941350348498464,0.10376465154399672
0.000970983206455832,0.1034211059860405,1.0343338151601313
-0.017905171578425944,0.22628762978921682,1.2452415059364266
-0.020619235522799092,0.14554036682441968,1.3941894162067112
-0.07208525063990644,0.28628788035844455,1.40048417771647
0.15449652232485742,0.2102239687090582,1.2238093548603226
0.3065597958193619,0.004571192717832934,1.0677183494376457
0.17147179374798946,-0.15168492680241136,1.1838238915662787
-0.14715158989244517,0.1351116236047013,1.2359635498406423
-0.22738195847253956,0.08182050630931288,0.9991276937296648
-0.24048560877755476,-0.148936076468254,0.8345320484971639
