0.0,0.0,0.8442670440891085
-0.10443996662896528,0.017783933866750187,0.8416312709373647
-0.13447714525718948,0.06721690486155682,0.4365968200602643
-0.1955669922484288,0.2265521141011757,0.05021477770467564
0.09551651020921495,-0.0063330393939348625,0.8478710541611756
0.12660360107823157,-0.07355823677965244,0.4819399237991309
0.07236735537632212,0.08110445082913599,0.09486571630493723
0.008384764982298898,0.05150670894419484,1.0603666527594597
0.0030986569592908906,0.12021386889786037,1.3026619216136108
-0.008411681934161785,0.05360490607765683,1.4641934651222757
-0.03992522734224975,0.14989427950523673,1.4837977304847398
0.16136880833088862,0.10102160759123487,1.2686395929499128
0.16882560621924214,-0.23184787797443707,1.206734861266741
0.0577505959362597,-0.08348155984233717,1.38334207836298
-0.13688664267899284,0.09552256688068542,1.2841969979747272
-0.17675882496203751,0.2884279315176143,1.061750529059746
-0.17133711481321046,-0.029630462449070263,1.1298002468277404
