0.0,0.0,0.8442670440891085
-0.08886209272777033,-0.02118206087000028,0.8459630711324837
-0.0445201750174726,-0.1490429746482273,0.5322251464270292
-0.14538078187571235,-0.08648584190501367,0.16912609259429046
0.08092104026804715,0.036822389674839445,0.8415830241519501
0.0881622909287304,-0.0336393164170569,0.48706526577466064
0.003628007038459353,0.1153150261152834,0.1067105791412708
-0.009043692210399582,0.002900503677805967,1.0572833813276814
-0.03399918467327539,0.031044920997778367,1.2968776829407882
-0.005733055676235162,-0.04849027330683977,1.4098401422853941
-0.053252641936735255,0.07379707356105109,1.4260342529374552
0.11798526242236335,0.02491747367993013,1.2748657939073842
0.18366193046107746,-0.28032514571591094,1.1970178437562016
0.03148015772964437,-0.24510792640606358,1.2892240417893723
-0.15840494396154595,-0.025691414077614712,1.281634748035255
-0.18300737958808666,0.1683190619454424,1.0659458891898765
-0.19122336002860166,-0.11548088304168622,1.075234382766682
