0.0,0.0,0.8442670440891085
-0.06132593084699063,-0.10664754958343349,0.8636913326711932
-0.03301938143832801,-0.226595756708688,0.5396626443336303
-0.1360580244114134,-0.1614075605809596,0.1432098502629462
0.049791765749546246,0.12440804559433724,0.8244357530607075
0.016758403132566817,0.18818208840751627,0.4222383551600102
-0.0798841624231216,0.3251808069359199,0.017392563875379463
-0.009792068049102532,0.008029470941665943,1.0658461541959647
-0.04444374375389208,0.054068506204766165,1.3087211829976222
0.002427286725986716,-0.013591996230483018,1.4332162168318199
-0.053671918451122194,0.12615539401720227,1.441888387936114
0.08264977710584206,0.13931964427203009,1.2800310873435328
0.10176649462883093,0.3271158654967084,1.0768494892786447
0.2708305480821033,0.11965341508814395,1.0333944850700887
-0.15947126141508883,-0.06455436252602514,1.2914389023082586
-0.3307364408870912,-0.04146376918762663,1.124891994925976
-0.4230995527163963,-0.28694666984287914,1.078730522422848
