0.0,0.0,0.8442670440891085
-0.04337548470471804,-0.13161348642132192,0.859894573971616
0.11708240751960906,-0.354936100847784,0.56832870902449
-0.0024180300450077205,-0.28333218795146875,0.15844409652261604
0.03844000746082812,0.1310693538352096,0.8313582130716192
0.19026305085906933,0.03249194993411165,0.5321246974436686
0.06515889347132686,0.14965686236848574,0.10633651960957913
-0.05401538296361249,0.08097590286677617,1.0360815852767529
-0.1270255600331423,0.2083752709547369,1.240028634299608
-0.08713363862747013,0.17415248705625572,1.3748940577823259
-0.14298031952100207,0.30394513699029896,1.3793738483257858
0.007474572703071593,0.2611347706129775,1.1935415243913878
0.06050667451670411,0.2891168106716602,0.9477628083151383
0.1767485003881526,0.1988128513235614,0.7524822330818378
-0.22419441684533434,0.04810816408714663,1.26253868242663
-0.2670695805057476,-0.24035165391071384,1.1790612041994175
-0.06576029628250797,-0.40226203949522465,1.1899980537550081
