0.0,0.0,0.8442670440891085
-0.08335327453902003,-0.06016006056623538,0.8545955633511794
-0.061615895432934886,-0.07943504871318575,0.48779600641521037
-0.11634134503466421,0.07656932789426513,0.12337626777491706
0.06759963885636985,0.08354122629498364,0.8302378188848145
0.03596951687658088,0.11188078004312407,0.4545903586107968
-0.05674758491836158,0.28929183080289206,0.08264800893110369
0.0086979550757299,0.04128438393647705,1.0621736627364189
-0.013082162926381561,0.13325654779989032,1.298902872697043
-0.007629297837636432,0.07111888643386437,1.4463038625703395
-0.05720136289290925,0.1900328678585811,1.4563346246193132
0.13343482603041107,0.15046576631226652,1.2629922222666983
0.30225253778604205,-0.04880740014483152,1.1151096027204228
0.25391939807213343,-0.30056841518710586,1.2265977782130668
-0.11373242405978744,-0.0025056369153984167,1.3020409688090315
-0.09101062112054396,-0.32199444273343913,1.2489465362499144
0.14578445850208802,-0.4396626708640061,1.3225024059746575
