0.0,0.0,0.8442670440891085
-0.11578723641643125,0.04686078966507761,0.8445316808499379
-0.1983435648907528,0.031656744761870206,0.45514262425051427
-0.2309053529225941,0.1444616106282846,0.012052660165765006
0.11558070210079326,-0.04590569217093515,0.8483784660382947
0.15020969750859067,-0.34582164002206967,0.5548484239230242
0.1989460725099782,-0.20803844096143434,0.09764263243586557
0.00877214040896176,0.08951474868010863,1.0420186605484172
-0.0051231809422832885,0.19608465226078478,1.2575534388978231
-0.011465342187597472,0.10923171550123842,1.4115346583559036
-0.06255303305812077,0.254006070798572,1.4226520225180015
0.17218562118724992,0.1994364195756971,1.2303162981910571
0.3855655382197687,0.07151667203266404,1.0826927738042549
0.2535916545550518,-0.08950568081017778,1.2370430999928497
-0.14429623403051933,0.09973014490371662,1.2480208053653363
-0.26823655735772484,0.03347064275770836,1.0186565873016633
-0.32425273139375643,-0.20913971464102196,0.8645989183767101
