0.0,0.0,0.8442670440891085
-0.08678109721452207,-0.05472642607077002,0.8536297764941477
-0.06553921237135034,-0.05252708628449864,0.4741816681864514
-0.11693274882244911,0.10435134597732983,0.1027555530162485
0.07119971427113847,0.07779576603811451,0.8317964919342983
0.05761596013422117,0.07530201579165614,0.4582351378775288
-0.019539494007294413,0.2416684796414078,0.08149545626984078
0.009430427355949043,0.04294503998169227,1.0587965649676707
-0.006842793177720247,0.13799052316017996,1.2910968895151456
0.021059617593196984,0.07183871474748212,1.409152454132886
-0.03218359348844128,0.21685221001228172,1.413460125452831
0.14304504398142934,0.15455652524508817,1.2517365139956684
0.29400747154803597,-0.017077824533010426,1.0802679422190014
0.24121279148407093,-0.2595225161877696,1.1902971097144186
-0.11337213649879996,-0.00014745966447655647,1.3063437932800337
-0.1063302368210196,-0.30197326642744,1.2296861484452302
0.11846701427166739,-0.4167592257858338,1.2839723396325393
