0.0,0.0,0.8442670440891085
-0.060201168985823963,-0.09099878938061286,0.8573785173307409
0.024098278245189956,-0.2958488222391576,0.5527731475031916
-0.06260692270459256,-0.2663927227330452,0.17931456956834357
0.05293135433164962,0.10126324816241689,0.8319909057006619
0.03540426363060691,0.1296225131673963,0.44041786297321084
-0.036650856099229856,0.2600973504381189,0.04943021050825458
-0.028720591741235285,0.03491378229908531,1.0528320266508178
-0.07760735930358104,0.10453455638386003,1.285393460474641
-0.05618088225997925,0.06788225388514461,1.394189847261986
-0.09533870647514729,0.16737744481248873,1.415757267479822
0.07225528544240455,0.1138374476862108,1.2636528874305408
0.1481447174597551,-0.18365457809208544,1.177423592053377
-0.01568396516372655,-0.18587478373533545,1.2798790744449653
-0.17123499919042756,-0.042785261836252274,1.2853091266805707
0.007938610334245479,-0.27969790800787925,1.1965688710439712
0.12778232929719252,-0.1485914007145667,1.2937160064261415
