0.0,0.0,0.8442670440891085
-0.11252414539473585,0.046496881587406586,0.8397736057949473
-0.1125101364405777,-0.25603121406566554,0.5713560427551856
-0.1407708825741596,-0.09559529010683544,0.1498131538139752
0.11219758625342736,-0.050134581105517585,0.8521916502766084
0.14339832665392957,-0.29740805865622144,0.5563095064207425
0.11023624737558883,-0.18733532929492977,0.1390552673864136
0.004335205995308619,0.08004603511820868,1.055135369932735
0.0006727244757227695,0.1487953984121763,1.293522112876771
-0.021731185389491394,0.08882860269807358,1.4057554637318916
-0.06411224318146286,0.21194190974929394,1.4202577148041295
0.1631559498655937,0.12750772569802613,1.269374509641927
0.22087274540031832,-0.12032886361955879,1.110440809443122
0.05292786055421958,-0.19118938369943955,1.2171571750316263
-0.13618596906522243,0.11440788398231037,1.2833837963792436
-0.17906389753946594,0.19355225127127448,1.0296485233690247
-0.16000894385107162,-0.07125377271688223,1.0988495000032097
