0.0,0.0,0.8442670440891085
-0.04385244657582588,-0.12360804254598044,0.8628545931255152
0.04496117348518805,-0.26200775073186994,0.5302464868917183
-0.03101515001007705,-0.16941563127484902,0.14650805518887378
0.036002789480026054,0.12282611781605675,0.8287805473491723
0.16480018616558048,0.056122156998752004,0.48821707221178734
0.060498114487681554,0.21790276407661835,0.08571779563955995
-0.009986732876817363,0.025412559561883964,1.070656355449389
-0.042963144007385184,0.0889054802235401,1.3159551840983852
-0.06190020681181085,0.04651970805561562,1.4613423934408771
-0.08453195524163852,0.10604399474813585,1.4902796961700795
0.10144415991649787,0.12387898568630566,1.2738217807644958
0.15043711960112177,-0.2113060358861934,1.2161966933528163
0.04820419176133534,-0.11306192509484903,1.3861545829916573
-0.15015604050585551,-0.03784924947261807,1.3217205909796546
-0.0029482052406854197,-0.3060472113429127,1.237136662309986
0.004465396293798318,-0.1486463820966241,1.3888760566469798
