0.0,0.0,0.8442670440891085
-0.10893832335476981,0.05854129767347814,0.8385443453835265
-0.11510104861618627,-0.3241703203918213,0.5870338588176152
-0.09304223878152326,-0.1720303259510905,0.15528861718029896
0.10926332498746762,-0.06152636051053599,0.8533207540696603
0.12593455422809227,-0.3727630551094591,0.5781539681023737
0.13433507128908173,-0.24039087911773352,0.15343640836781147
0.007155730816529907,0.08261173801529423,1.0567625444125504
0.005491794118840417,0.15506029059162427,1.2974450840236733
-0.026508491487940808,0.09091432082580944,1.4170384518285235
-0.06020684622982586,0.187276592973379,1.4400126517821725
0.17155745592731228,0.135778023986097,1.26716129993698
0.23429909694669848,-0.12935021432971408,1.1236474461645587
0.03126117002676609,-0.16663333545403708,1.2121743032750185
-0.12597005788621507,0.08642764277444204,1.29813693128709
-0.03929699260297589,-0.10499025097443998,1.1371731553958646
0.11014548853957365,0.008248754583618633,1.2005823161508886
