0.0,0.0,0.8442670440891085
-0.03580512147979345,-0.1360869932513607,0.8627530443520629
0.19106008024266344,-0.36386963338627343,0.5845186274777332
0.03527125418920274,-0.31549281803243817,0.18868659736672477
0.0293811000159259,0.13319300366632997,0.8301379388350443
0.3104401358008177,-0.07022999727771242,0.5767423197198154
0.19064400776771231,0.06065219138352804,0.14391727374822816
-0.02405401085769895,0.05280011422993562,1.062366733744739
-0.058824730160888544,0.12516630204004692,1.2992681419677286
-0.046328893671430164,0.10057581690119786,1.418811972921532
-0.08584676997737634,0.20441193136857866,1.4361216453925754
0.09335974104825624,0.15631522868503644,1.2559309906548255
0.15668674771513594,-0.15323552820761807,1.1478942689257192
-0.011755039372071322,-0.13599617125358912,1.2458940453108445
-0.1780418025771881,0.01065219047573274,1.3128898653095686
-0.1590023293096158,0.02219117421813767,1.0821271872416038
-0.1958743250946597,-0.13978335783947496,1.1325873576750902
