0.0,0.0,0.8442670440891085
-0.09797248705374206,0.030262923439521007,0.8349872680715066
-0.09151131206866871,-0.35692424789922217,0.6437411724478385
-0.10719098099473982,-0.2649941051307166,0.25474884613353743
0.09996720595364046,-0.030873390975839087,0.8542070697399328
0.06844153842394042,-0.14917912554269794,0.5624366837435966
0.008913867748317464,-0.04894947946956059,0.19429930616471347
-0.030078736644452403,0.022885646392588027,1.049939440868306
-0.10323843560466055,0.10142892060460913,1.2679860094781996
-0.11175842006223141,0.03876985465917162,1.3443150834328637
-0.15906506624359423,0.17357350084817938,1.3538136388345903
0.032400098771967915,0.13164679464649934,1.2869981693182537
0.17211310757976614,0.2524244321789069,1.383402579937856
0.2993547916852849,0.3155701593320605,1.5104098683619305
-0.18530389285609772,-0.03262490769889404,1.2342691149922813
-0.11543598483279638,-0.32751521821631696,1.1673242656624587
0.07816617392543117,-0.4673577811750356,1.2438336717054252
