0.0,0.0,0.8442670440891085
-0.060535520043198725,-0.09640606562743283,0.8547336354031837
0.013377703381860999,-0.22123990068811025,0.5157164774323544
-0.0642007428469036,-0.13078450835924227,0.1277425104458254
0.051162278521780465,0.10344233874421258,0.834263265102762
0.12562016889813435,0.05918246258426978,0.46777771608064217
0.03746577873253357,0.21659410068062535,0.0739586122216459
-0.01717139397473852,0.013526969959123692,1.0727400078336724
-0.05257764094377569,0.06678122706860404,1.3207443794424556
-0.06262791083822074,0.024357282660493057,1.4668453699965172
-0.0978375312374845,0.11664203531195813,1.4864562636005507
0.10174814539982209,0.06085487558391441,1.2821401722744292
0.12411267162020262,-0.2683697048506697,1.2038439543566546
-0.08009846694599582,-0.2363717998779044,1.2861071606723231
-0.1632214488073107,-0.04220873879523699,1.3275981128928032
-0.07252874030178368,-0.3528890460987853,1.2640296387031662
0.03491733572840983,-0.19074201815627498,1.3970891610230423
