0.0,0.0,0.8442670440891085
-0.10855488070530497,0.03455713937028505,0.8412918725393803
-0.13436778891129264,-0.18528797665828775,0.5248893449185053
-0.17593247803274,-0.04260920395317948,0.11306883390713673
0.10908900638929898,-0.03644948012714251,0.8501687835923258
0.08193482470693121,-0.1358653464146155,0.5072509434697829
0.048425493215898584,0.003677909544605733,0.10020391396502948
0.003688346681702228,0.04822066448819765,1.0629506664285318
-0.024673200795722387,0.1449828923082513,1.2972291148712898
-0.020331264790972664,0.0901621082677677,1.41803611030415
-0.06731365413645457,0.22092604294193557,1.4249443567496014
0.12622214771885956,0.16594571353024193,1.2815871762663569
0.25470219908890085,0.267997604732799,1.2257129287744837
0.40657801212214384,0.07194281648902044,1.30807686466095
-0.1386513337310728,0.034562823507416414,1.284792367446943
-0.21401784256597683,-0.26684349527039714,1.2034717529248218
-0.0017840170829044753,-0.3644387653414126,1.2559971544653101
