0.0,0.0,0.8442670440891085
-0.10494841566124817,0.04678228431946532,0.837786134668894
-0.11973298615450553,-0.27709499427192374,0.5776610461070018
-0.12629459684621688,-0.13407718104351474,0.15404006722033858
0.10512010666477528,-0.05293091293977217,0.8538831321519831
0.11610912905046833,-0.2884385049936404,0.5756147179317067
0.12242296136141546,-0.1598324660092951,0.14948403744141647
0.005743929292308959,0.06879411624229423,1.0518921962921925
-0.01822667043773286,0.1693708251845639,1.2785705160068792
-0.030736761851413875,0.10756652603741718,1.3852538984490312
-0.07286953770230298,0.23370390871838265,1.393171297046189
0.13007470504008065,0.18150964440842893,1.2587506066678407
0.3063944436742763,0.3029264024027857,1.28654222133191
0.44229693807666537,0.4277025896322933,1.3748510513084855
-0.12959986187355038,0.07400787913020847,1.2738854054862476
-0.14764137246189787,-0.13999422757727556,1.1174415489080745
0.07195148409640889,-0.21602734777212257,1.224320130838838
