0.0,0.0,0.8442670440891085
-0.08885153464642831,-0.0661700238662515,0.8561607120232521
-0.07101237715940502,-0.06117256078316584,0.47802850544766473
-0.12598139859181154,0.10425735660221033,0.09648318871528305
0.07152334201561786,0.09239982495996246,0.8290892284474927
0.03748714916166772,0.12633305540227927,0.4442828460078123
-0.055070162804677435,0.30932599248276205,0.060810930552208875
0.009843085348771131,0.04513761393938974,1.0695394811978933
-0.0028009137165969987,0.13322233669623704,1.3128149796131898
0.026453408419387422,0.07914304418794621,1.4622188825430924
-0.02368991642353219,0.20960579757491501,1.4705690743363604
0.14537273856207097,0.1723208887529681,1.2701610378741708
0.2997785390065654,0.021384499096831336,1.0783077481349213
0.24735464285270561,-0.23820314599139195,1.1807463479522542
-0.11820613136554409,-0.004336456063511754,1.3201579681355495
-0.11240274163999858,-0.3126821411109598,1.2241811452425888
0.12307918197274004,-0.4231487454641324,1.283252724884662
