0.0,0.0,0.8442670440891085
-0.07177090695997404,-0.059408699610520053,0.8533008314985567
-0.04788861520686148,-0.09046553084308286,0.4797770837850106
-0.08948244720447006,0.025427946152102216,0.11093418301600666
0.058609102228826766,0.07775157248575365,0.8322394382851063
0.03863715316112423,0.11123610547543038,0.4460046968039545
-0.04602998904479424,0.2624618553061143,0.071696158885165
0.0003828649611120924,0.04071896425381949,1.049145791717249
-0.03230204783527927,0.14237495099988798,1.2722083150164423
-0.016517310701109653,0.08028288493453004,1.4173313196121577
-0.06060513497660262,0.19843338482173817,1.4298533907017048
0.11471582949462683,0.14532902902816794,1.237867304526649
0.2818865532881646,-0.07325359339950903,1.113726590913599
0.21007421478065552,-0.29914662271715003,1.2443357901680692
-0.13020280447266777,0.009904744088714435,1.273273122725161
-0.11491404378330497,-0.3115274561816204,1.2212766341983177
0.09684552348186827,-0.3922582420223888,1.3294931421476277
