0.0,0.0,0.8442670440891085
-0.04855880149222671,-0.12985852488062,0.8663713684907126
0.10605697848641037,-0.36084227283726217,0.5814955672172032
-0.002696674075678735,-0.28944216183897525,0.16637241579115225
0.04141342439482463,0.13250826827992612,0.8247685799519681
0.1254818322207228,0.11783357321615173,0.4887919737795817
0.012208787473731133,0.2750690382902509,0.07533063663139705
-0.04865219559109643,0.07768535521514905,1.0454496836061078
-0.11415346486544463,0.1924539306879003,1.2623676825444683
-0.08015256359959372,0.15746982836191553,1.3994980159522132
-0.13634903727742256,0.28363871059804585,1.4060076036954765
0.018928909367917905,0.2554007453552103,1.2123029056184826
-0.0064588828924102325,0.30688666136044973,0.9605600042359506
0.03024262483503715,0.2527837637776233,0.8028241241475536
-0.21100416201877514,0.03269917655830598,1.2877421431840217
-0.16694406565380263,-0.27557153930457323,1.1688809388974877
0.07141816757427664,-0.3721907845319281,1.150705763854631
