0.0,0.0,0.8442670440891085
-0.09971161107317693,0.03605681637550415,0.8401877339118005
-0.10886380969064198,-0.27480735111256227,0.5741534235359941
-0.13647620975357225,-0.1294490793333669,0.16548962029745962
0.0999790535903655,-0.03863286709983615,0.8496510470746371
0.08768521080086779,-0.18789017486478346,0.5513305356569399
0.08056356017237418,-0.05346685240131385,0.1512815729681154
-0.0018146495330649318,0.04603008376330206,1.05462911224002
-0.043867610072212196,0.13908625598704935,1.2777231144782681
-0.04541286435345533,0.08690363975374092,1.3588226495050508
-0.08567600642874958,0.2138133995026311,1.3679021184574667
0.0993867880533644,0.1681970354935902,1.2838947738642728
0.22701269185414397,0.3081362441013469,1.376459798288417
0.33979096643779627,0.4130534267721128,1.4994302218294318
-0.13282156066528142,-0.004554560336008469,1.2571879786969014
-0.021919203355335277,-0.26582264355016283,1.1688916781081697
0.1810604445662673,-0.36734967806974433,1.2723151189499535
