0.0,0.0,0.8442670440891085
-0.09477395322279429,-0.06082099482536889,0.8568067426199958
-0.037667896954725076,-0.141438741617245,0.505590721200859
-0.08729136032350798,0.03186172353347752,0.1187177523715438
0.0784889901679511,0.08471216293584573,0.8294997537974725
0.09641044125129139,0.004376004398722842,0.4766449103729699
0.009604076996907235,0.18670143148266236,0.0930308658763398
0.013885296183648716,0.048658605778046204,1.070539903048096
0.01474480368536643,0.1250066907832501,1.3164566372875703
0.050316778159075,0.04384303406964287,1.4070674583735692
-0.005159497271202691,0.19683289062481626,1.4193969789274132
0.16746189231459005,0.16843586489617465,1.2720129913938156
0.2851649047098575,0.09929858419966288,1.0483542739673821
0.23267048409048452,-0.1700928784306527,1.1521411756382296
-0.11424408227669312,0.005543528689814118,1.3347832575716452
-0.18571078000629043,-0.15262148983540422,1.1677918389032385
0.034247856932226754,-0.29077073227765304,1.2188138286988057
