0.0,0.0,0.8442670440891085
-0.11169579847663051,0.05119688447326203,0.8405750592098377
-0.209469905743866,0.008649412517655813,0.4720700739685451
-0.2352931332402332,0.1458894859905975,0.06317425524326359
0.11235601193104239,-0.051760628439471254,0.8516890965377079
0.12153858167959855,-0.2490597011531274,0.5327952548755204
0.0912153889789171,-0.10795094195583876,0.12115019097450208
0.0013214394469303465,0.06739035601031934,1.0548381986569053
-0.021679802428494502,0.16568025766319786,1.2806039299324132
-0.012568787665931218,0.10175734518173848,1.422019080383199
-0.06476984548992044,0.23666806521088876,1.4273086226357017
0.14739857916524698,0.1574523782326087,1.2654831899807182
0.349904703363857,-0.01490392052074676,1.1251647544168564
0.2600171358835417,-0.2728916838652776,1.2211647047242418
-0.1524063168041781,0.08675671177820884,1.263513445974118
-0.27175634850432434,0.07400994675278112,1.0351260900107366
-0.2930136389259866,-0.18720220102094548,0.8990874328092883
