0.0,0.0,0.8442670440891085
-0.07727731884786378,-0.06599400184302132,0.8528031523917143
-0.053741410977065675,-0.11284390446811947,0.48686991941080887
-0.1069160957298954,0.019925115567740768,0.09139256269861573
0.0581079787631999,0.09366678679485317,0.8311459628466338
0.03301625027323095,0.18574480244669253,0.44977067609917787
-0.00881207534859143,0.36601873822481873,0.04636048971277451
0.003276205546546485,0.03385172932837544,1.06490936439027
-0.029381448092807835,0.11910592574017312,1.3057052978915005
-0.021297219425504426,0.06411244172415828,1.397942043020028
-0.07254363378428028,0.21157709597256566,1.4062904158310912
0.10090573332079811,0.17914417259282794,1.2764166617624724
0.2809285117306741,0.3048411091346477,1.3266170063176501
0.4674755004794378,0.32880154915513266,1.4304251727960646
-0.11676029971764808,-0.04341890642584085,1.3143276065818457
-0.08951779660963015,-0.3263995683365839,1.218815816287612
0.12388105169063171,-0.42772692579404153,1.2839245219348585
