0.0,0.0,0.8442670440891085
-0.07358693023350033,-0.06580206770666168,0.854256973613178
-0.04269220480277229,-0.11495905530066153,0.49518738865528444
-0.08724909107821197,0.014613580036763817,0.12853255220836468
0.059719758885724374,0.08461947051327146,0.8306656349898657
0.04360043635391267,0.1103638390281309,0.4560295491895406
-0.04510979973240425,0.27777644911557525,0.08396341286199294
0.004672809523343146,0.04089920956657707,1.056836707669204
-0.02221711822896399,0.14071571152991366,1.2872567855352175
-0.006283048643772015,0.0862996680053957,1.4360053168470586
-0.052904906499820506,0.20026606237661015,1.4468812058843405
0.12224491881389526,0.1451140533219348,1.2496750947622737
0.28601704578737386,-0.08657307305072263,1.1317810618731927
0.22639890939167334,-0.2996618273702011,1.2848914740272765
-0.11690337923235153,0.0026194200439380072,1.293455685543986
-0.10433347021923613,-0.32233931817802103,1.292291303878801
0.1149036594340768,-0.43434218841750466,1.375024333814899
