0.0,0.0,0.6904319524765015
0.05335650220513344,-0.005836796015501022,0.7401270866394043
0.08107969164848328,0.04915991425514221,0.48106855154037476
0.03719867765903473,-0.005636155605316162,0.19708746671676636
-0.0493154413998127,0.01501467451453209,0.7420458793640137
-0.05366723984479904,0.03507576882839203,0.47557950019836426
-0.07161011546850204,-0.014478027820587158,0.18868428468704224
0.018882758915424347,-0.0034788846969604492,0.8979960083961487
0.04299967736005783,0.007140070199966431,1.0941743850708008
-0.02752593159675598,0.05669456720352173,1.2242276668548584
-0.016107574105262756,0.05508619546890259,1.211798906326294
-0.0758255198597908,0.04013332724571228,1.1317378282546997
-0.0871163010597229,-0.0238819420337677,0.8613185882568359
-0.08415976911783218,0.03227533772587776,0.746528148651123
0.1689169853925705,-0.028350740671157837,1.1141866445541382
0.1380506008863449,-0.04357576370239258,0.8614311218261719
0.05872899666428566,0.07452146708965302,0.9595327377319336
