0.0,0.0,0.6904319524765015
0.02837580069899559,-0.026243045926094055,0.7194281220436096
0.02386249601840973,-0.049729183316230774,0.4849529266357422
-0.07883238792419434,-0.018996894359588623,0.24195927381515503
-0.014336807653307915,0.025301197543740273,0.7247742414474487
0.09747762233018875,0.023244217038154602,0.5038662552833557
-0.038288116455078125,0.08625373244285583,0.25725695490837097
-0.0011164466850459576,0.0034731775522232056,0.8820832967758179
-0.004721423611044884,0.02166607975959778,1.068868637084961
0.02074078470468521,0.02978336811065674,1.1602524518966675
0.01665104180574417,0.03191870450973511,1.1344228982925415
-0.06747878342866898,0.06259939074516296,1.10535728931427
-0.11139990389347076,0.07229635119438171,0.8739396333694458
0.04216471314430237,0.10834561288356781,0.8153025507926941
0.054418180137872696,-0.025623321533203125,1.086406946182251
0.09377084672451019,-0.08417944610118866,0.8658338785171509
0.0624832808971405,-0.01729646325111389,0.9539734721183777
