0.0,0.0,0.6904319524765015
0.06630833446979523,-0.020544417202472687,0.7489215135574341
0.09861134737730026,0.029164046049118042,0.41092169284820557
0.05494161695241928,-0.04838895797729492,0.059309959411621094
-0.06013694405555725,0.03148077055811882,0.7533263564109802
-0.04633750766515732,0.09838210046291351,0.41397005319595337
-0.08381994813680649,0.01317530870437622,0.0564882755279541
0.004155063536018133,-0.003326892852783203,0.9208571910858154
0.01860579289495945,0.0165444016456604,1.165306568145752
0.009514128789305687,0.04628443717956543,1.329632043838501
0.015965880826115608,0.05070376396179199,1.3344155550003052
-0.1316729187965393,0.08249938488006592,1.2120970487594604
-0.18882399797439575,0.03964950144290924,0.9024571180343628
-0.1641634851694107,0.12652429938316345,0.7582352161407471
0.17247417569160461,-0.047940999269485474,1.1955559253692627
0.1922178715467453,-0.11801157891750336,0.8991128206253052
0.31277650594711304,-0.0706384927034378,0.7330741286277771
