0.0,0.0,0.6904319524765015
0.0396684892475605,-0.029614755883812904,0.7044376730918884
0.14304186403751373,-0.052629873156547546,0.4787936806678772
0.1374339759349823,-0.13286399841308594,0.20274218916893005
-0.04356061667203903,0.0339406356215477,0.7132601737976074
-0.1083487719297409,0.1024869978427887,0.48508554697036743
-0.2703060209751129,0.14391979575157166,0.24181923270225525
-0.014481857419013977,0.001369476318359375,0.8685716390609741
-0.011463705450296402,0.031391412019729614,1.0508238077163696
0.024400532245635986,0.05479130148887634,1.135754108428955
0.014893713407218456,0.04533940553665161,1.110587477684021
-0.05305914580821991,0.07078278064727783,1.0858017206192017
0.11650194227695465,0.017724812030792236,0.9415044784545898
0.278195321559906,-0.01761406660079956,1.0039727687835693
0.027188263833522797,-0.009063959121704102,1.0682563781738281
0.079206183552742,-0.06789462268352509,0.8904471397399902
0.2259538471698761,-0.07590591907501221,0.9570794701576233
