0.0,0.0,0.6904319524765015
-0.0024778915103524923,-0.022044144570827484,0.7096521854400635
0.04304143041372299,-0.07445521652698517,0.4806888699531555
-0.08632849156856537,-0.019585788249969482,0.23888620734214783
0.005607072729617357,0.018514808267354965,0.7144588232040405
0.1522762030363083,-0.005805715918540955,0.4909675419330597
-0.03779955953359604,0.10792312026023865,0.26676830649375916
-0.004264602437615395,0.003251969814300537,0.8886602520942688
-0.008919116109609604,0.020838171243667603,1.089892029762268
-0.004684241488575935,0.03142344951629639,1.1923025846481323
-0.01025485247373581,0.038908541202545166,1.1693471670150757
-0.03268830478191376,0.04508703947067261,1.1276648044586182
-0.023996543139219284,0.03606565296649933,0.8769933581352234
0.06204267218708992,0.10377635806798935,0.7530618906021118
0.012468728236854076,-0.014863371849060059,1.10575270652771
0.0621558278799057,-0.09454993903636932,0.8506330847740173
0.055886175483465195,-0.04090677201747894,0.9581292271614075
