0.0,0.0,0.6904319524765015
0.05390765517950058,-0.004578523337841034,0.7394022941589355
0.08256159722805023,0.05000026524066925,0.483562707901001
0.03976202756166458,-0.0034449100494384766,0.2029697299003601
-0.04674438759684563,0.011847104877233505,0.739465594291687
-0.05166745185852051,0.03038044273853302,0.479338675737381
-0.06802254915237427,-0.017125695943832397,0.19444358348846436
0.016076870262622833,-0.002945452928543091,0.8975114822387695
0.033834755420684814,0.010147184133529663,1.0938584804534912
-0.04113572835922241,0.06111335754394531,1.222976565361023
-0.0306539386510849,0.06032669544219971,1.2107186317443848
-0.08344024419784546,0.04126802086830139,1.1283584833145142
-0.08780533075332642,-0.027103453874588013,0.8567733764648438
-0.08867132663726807,0.029360603541135788,0.7471902966499329
0.1574910283088684,-0.023924142122268677,1.1135656833648682
0.11920694261789322,-0.03428781032562256,0.8620508909225464
0.058565497398376465,0.07590404152870178,0.9655601382255554
