0.0,0.0,0.8570332527160645
0.10467138141393661,-0.0671834871172905,0.8478096127510071
0.30837783217430115,0.07896333932876587,0.5479092597961426
0.19006282091140747,-0.16020888090133667,0.18084251880645752
-0.10528936982154846,0.06648015975952148,0.8686847686767578
-0.19046439230442047,0.1599796861410141,0.5534158945083618
-0.2867741286754608,0.04532670974731445,0.19310182332992554
0.0031608957797288895,-0.004004091024398804,1.0803574323654175
0.0325046069920063,0.04495114088058472,1.3221039772033691
0.06204318627715111,0.09769564867019653,1.5252525806427002
0.03484787046909332,0.036869168281555176,1.56090247631073
-0.12753167748451233,0.11193153262138367,1.3061909675598145
-0.1630924791097641,0.14303116500377655,1.0272653102874756
0.008446142077445984,0.2679481506347656,1.1675841808319092
0.18533314764499664,-0.03374317288398743,1.2887709140777588
0.22959351539611816,-0.03759022802114487,1.001760721206665
0.2041822373867035,0.15460440516471863,1.172743558883667
