0.0,0.0,0.8570332527160645
0.06069903075695038,-0.074421226978302,0.895209789276123
0.38861826062202454,-0.08496340364217758,1.0152565240859985
0.7537356019020081,-0.18806113302707672,0.9745602011680603
-0.07181358337402344,0.07207103073596954,0.8221932649612427
-0.06224171072244644,0.003452867269515991,0.42882242798805237
-0.08809523284435272,-0.08327531814575195,0.081062912940979
-0.0594024732708931,0.014090806245803833,1.0848051309585571
-0.0948706790804863,0.043992042541503906,1.3177299499511719
-0.059311799705028534,0.08837157487869263,1.486751675605774
-0.09475944191217422,0.013053953647613525,1.511260986328125
-0.21977877616882324,0.13697004318237305,1.314632534980774
-0.26318201422691345,0.19612254202365875,1.0568504333496094
-0.09860092401504517,0.283930242061615,1.2293856143951416
0.028918921947479248,-0.05099955201148987,1.3039882183074951
0.06548062711954117,-0.09569382667541504,1.0358415842056274
0.09398547559976578,0.11043232679367065,1.2228853702545166
