0.0,0.0,0.8570332527160645
0.0650365874171257,-0.06422363221645355,0.892318844795227
0.38374146819114685,-0.10923322290182114,0.9553214311599731
0.7324707508087158,-0.21284760534763336,0.9663825035095215
-0.07317717373371124,0.06877872347831726,0.826621413230896
-0.06397359073162079,0.012469470500946045,0.44813746213912964
-0.09618145227432251,-0.06958520412445068,0.11855459213256836
-0.03804105147719383,-0.0010341852903366089,1.0773489475250244
-0.04778312146663666,0.012095898389816284,1.3027973175048828
-0.006860628724098206,0.05788236856460571,1.4674060344696045
-0.03687351197004318,-0.012587130069732666,1.4928579330444336
-0.16446718573570251,0.10545212030410767,1.3151775598526
-0.21382832527160645,0.2196764051914215,1.0977052450180054
-0.028255894780158997,0.26972639560699463,1.2504255771636963
0.06534124165773392,-0.08060246706008911,1.26699960231781
0.04982300102710724,-0.13096068799495697,1.000525712966919
0.11101001501083374,0.07285410165786743,1.148820400238037
