0.0,0.0,0.8570332527160645
0.09867927432060242,-0.0721394419670105,0.8486555218696594
0.311215877532959,0.12485942244529724,0.572039008140564
0.20422855019569397,-0.0884178876876831,0.17544537782669067
-0.10171844810247421,0.06889085471630096,0.8658015727996826
-0.14895957708358765,0.10848121345043182,0.5368657112121582
-0.2229607254266739,0.03972047567367554,0.1770176887512207
0.04285071790218353,0.029599875211715698,1.061897873878479
0.0978543758392334,0.08725440502166748,1.270316481590271
0.14191517233848572,0.1264880895614624,1.4661402702331543
0.11402396112680435,0.05891263484954834,1.5014476776123047
-0.06303580105304718,0.15211820602416992,1.2660748958587646
-0.10493317246437073,0.18825805187225342,0.9798673391342163
0.07267647236585617,0.24524401128292084,1.1409382820129395
0.2420206516981125,-0.013217002153396606,1.2227529287338257
0.27044498920440674,-0.006076361984014511,0.9270039200782776
0.20886008441448212,0.14811314642429352,1.1131162643432617
