-0.26091560619933063,0.6516640940461667,0.16879846211879754
-0.1534892786139573,0.6796648271627939,0.12767753578641047
0.028958917098756587,0.3485286597567092,0.11164508351826788
0.16015901806160227,0.008494441384535508,0.05375729344533631
-0.3691275980405698,0.6243252870344457,0.21034502559943674
-0.2629169573149074,0.2486312565068388,0.1861282877822022
-0.1678792847111267,-0.1125289356117383,0.13049007428052892
-0.31105460125570666,0.8581475644390434,0.15499285905956559
-0.36194815294874877,1.077952394347622,0.19562559354339204
-0.3984816514315823,1.2310163939047243,0.23019030598390078
-0.41338665444300726,1.2663991778578048,0.15635614058274816
-0.5127515712576626,1.0117149201717395,0.20253201742522137
-0.4726840965617055,0.7598518932879965,0.24388266780694867
-0.38937274043863135,0.9306868677339845,0.3792668177844028
-0.2020606602546758,1.0947421443779743,0.17960838105514476
-0.09065792650326432,0.8506667218906968,0.19161455853052697
-0.2423378045369533,0.9735604623892313,0.3470033674401523
