-0.2495994436291108,0.6234007910693117,0.17546671899740826
-0.14215999852894165,0.6597565091063089,0.1428467535302238
0.07459253382987693,0.3814252258604541,0.22690868215166138
0.22453007999681118,0.043021647867563004,0.11366800617540024
-0.3581073300397747,0.5888373152060299,0.21308044411367283
-0.2902778969342983,0.22997216288196978,0.20014260520198873
-0.1941656178633738,-0.1251068533940864,0.12178718792939919
-0.33267050007444965,0.832204626800277,0.1580057360775246
-0.41947706844007565,1.057623447642814,0.1805761992725341
-0.48452965794878,1.2200919177836307,0.21238535117986307
-0.4994895775680758,1.2528718467958055,0.1437008640253983
-0.5629956659229509,0.9769620038900506,0.17182849261519714
-0.5081906226248805,0.7174255069130143,0.120335100590855
-0.4414276540037657,0.7154830591358758,0.3106900163143823
-0.25960524860134676,1.0943617586703187,0.16897762605388508
-0.118410745391276,0.8648913822944667,0.14663494561707632
-0.2127394764697548,0.8317453212396322,0.34836245708258323
