0.0,0.0,0.8570332527160645
0.07581304013729095,-0.08306536823511124,0.8480591773986816
0.10786785185337067,-0.11951801180839539,0.4776774048805237
0.09339621663093567,-0.20521259307861328,0.13839316368103027
-0.07800649851560593,0.08206202834844589,0.8648107051849365
-0.13506537675857544,0.04350462555885315,0.48680633306503296
-0.21978360414505005,-0.04425150156021118,0.14921385049819946
0.001452626078389585,-0.007480144500732422,1.091081976890564
0.01386965811252594,0.00869247317314148,1.331030249595642
0.02458483725786209,0.05120658874511719,1.4892268180847168
-0.005753044039011002,-0.014879584312438965,1.517166256904602
-0.11680762469768524,0.0912894606590271,1.3331841230392456
-0.1613360047340393,0.1348915845155716,1.0824307203292847
0.008088529109954834,0.2450917363166809,1.1940727233886719
0.14384277164936066,-0.07200595736503601,1.3192015886306763
0.13692837953567505,-0.15123800933361053,1.0541863441467285
0.17432349920272827,0.07371711730957031,1.14651358127594
