0.0,0.0,0.8570332527160645
0.08162428438663483,-0.043876711279153824,0.8061786890029907
0.014358662068843842,-0.0657091736793518,0.41903436183929443
-0.05641552060842514,-0.12275606393814087,0.07091963291168213
-0.07197187095880508,0.04387843236327171,0.9133553504943848
-0.3729993402957916,0.21587228775024414,0.9385128021240234
-0.7096450328826904,0.38427188992500305,0.9522573947906494
0.06114061176776886,-0.052825674414634705,1.079485535621643
0.1248067170381546,-0.06717407703399658,1.310387372970581
0.1310674548149109,-0.015496492385864258,1.4891273975372314
0.10145585983991623,-0.08230751752853394,1.5173530578613281
-0.027860626578330994,-0.05421912670135498,1.3003575801849365
-0.12139083445072174,-0.09078401327133179,1.0383094549179077
0.02200327254831791,0.09112924337387085,1.1895811557769775
0.26732486486434937,-0.1014641523361206,1.2930536270141602
0.42655453085899353,-0.09700634330511093,1.0796853303909302
0.33223721385002136,0.07482653856277466,1.2342168092727661
