0.0,0.0,0.8570332527160645
0.06939055025577545,-0.04965956136584282,0.8956209421157837
0.3882747292518616,-0.11918164789676666,0.9400891065597534
0.7362014055252075,-0.23106124997138977,0.9440985321998596
-0.07641727477312088,0.055297330021858215,0.8236973881721497
-0.06593837589025497,0.006315559148788452,0.4441419243812561
-0.09678265452384949,-0.0784335732460022,0.11627399921417236
-0.043905701488256454,-0.00028079748153686523,1.078294038772583
-0.05953489989042282,0.019770383834838867,1.3059279918670654
-0.02111639827489853,0.06228351593017578,1.474823236465454
-0.05438653379678726,-0.008625566959381104,1.4976288080215454
-0.18140242993831635,0.10376471281051636,1.3108491897583008
-0.2540982663631439,0.1945560872554779,1.08798086643219
-0.07478581368923187,0.26993328332901,1.2389235496520996
0.058286152780056,-0.06814944744110107,1.2767384052276611
0.04635874181985855,-0.10983816534280777,1.0105416774749756
0.09244854003190994,0.10471081733703613,1.160313606262207
