0.0,0.0,0.8570332527160645
0.08048313111066818,-0.08895228058099747,0.8398506045341492
0.11502440273761749,-0.1322547197341919,0.47335225343704224
0.05953700840473175,-0.21770280599594116,0.13148844242095947
-0.08095698058605194,0.08971943706274033,0.874568521976471
-0.15966376662254333,0.04938039183616638,0.49809372425079346
-0.24429577589035034,-0.0172845721244812,0.15426397323608398
0.02876543067395687,-0.018185392022132874,1.0775916576385498
0.07828830182552338,-0.00033357739448547363,1.3085618019104004
0.12364767491817474,0.034815967082977295,1.4795434474945068
0.10057269036769867,-0.02906954288482666,1.5110056400299072
-0.057679712772369385,0.0867924690246582,1.3144071102142334
-0.09776376187801361,0.14683008193969727,1.0603405237197876
0.08446139097213745,0.22210076451301575,1.191967248916626
0.21119093894958496,-0.08213451504707336,1.2632732391357422
0.22640618681907654,-0.07038954645395279,0.9952453374862671
0.21596023440361023,0.11279204487800598,1.1683399677276611
