0.0,0.0,0.8570332527160645
0.12703974545001984,-0.06446928530931473,0.8487173318862915
0.4389219284057617,0.2883979380130768,0.9113656878471375
0.32737451791763306,0.13851654529571533,0.46177375316619873
-0.1304032951593399,0.05724463611841202,0.8631636500358582
-0.09016302227973938,0.5212467312812805,0.9182701110839844
-0.19553911685943604,0.34707802534103394,0.4854901432991028
-0.001181899569928646,-0.04497399926185608,1.0970932245254517
0.0853843092918396,0.10528886318206787,1.3499133586883545
0.1257999837398529,0.17913323640823364,1.514046311378479
0.08763331174850464,0.08533662557601929,1.5633630752563477
-0.1351720690727234,0.20076388120651245,1.3410732746124268
-0.26162266731262207,0.29757362604141235,0.9636961817741394
-0.010836496949195862,0.29940104484558105,1.1546199321746826
0.30185291171073914,0.0025446414947509766,1.3117855787277222
0.4372113049030304,-0.014168750494718552,0.915381908416748
0.2880202531814575,0.16156131029129028,1.1350594758987427
