0.0,0.0,0.8570332527160645
0.08530455827713013,-0.03209706395864487,0.8137078285217285
0.012610334903001785,-0.04803881049156189,0.43601685762405396
-0.06388551741838455,-0.11087161302566528,0.09451138973236084
-0.07812584191560745,0.029573462903499603,0.904252827167511
-0.36169761419296265,0.2175312340259552,0.8820374608039856
-0.6705145239830017,0.378500372171402,0.8052045702934265
0.0697704553604126,-0.0501863956451416,1.0725704431533813
0.14337696135044098,-0.06525316834449768,1.2949442863464355
0.14253753423690796,-0.01166236400604248,1.462698221206665
0.11235713958740234,-0.087521493434906,1.4870383739471436
-0.005788899026811123,-0.041233986616134644,1.2985936403274536
-0.1042833924293518,-0.007756263017654419,1.0493139028549194
0.04248430207371712,0.15240243077278137,1.208139181137085
0.28675100207328796,-0.09703686833381653,1.270757794380188
0.3412098288536072,-0.12113799899816513,1.0106929540634155
0.3123719096183777,0.06749814748764038,1.1698272228240967
