-0.23527988815262435,0.5876361992817305,0.18390478037309188
-0.10556930404391053,0.637408588690361,0.16827532537818618
0.07935319157680189,0.5175528718606122,0.5870276800064583
0.22471162723293864,0.1063942889233394,0.39215828417687076
-0.3652514183141545,0.5368242453632491,0.18603949750813156
-0.3563066416857651,0.35506321829695964,0.6061440940502858
-0.20842766535461313,-0.054463679602695506,0.4146196458493063
-0.29898895026004346,0.793365490549102,0.30224728766481096
-0.35555591011469384,0.9866711438676428,0.4428702504263176
-0.4025636589010053,1.1508198986698526,0.4888174155785908
-0.41729513864147416,1.1839479322218882,0.39547195818612346
-0.5569609385704057,0.8979637859844645,0.4200109305047616
-0.47519779967210407,0.5483385772160176,0.48040248497514226
-0.3857016197730295,0.7943348026251429,0.5194953071675613
-0.1407608979210752,1.0377468444825093,0.41689992648201457
0.024165511909508833,0.7164079238116792,0.47097109517492663
-0.19540725218594204,0.8621472382472365,0.5198020602499519
