-0.2466315217373017,0.6159880948377648,0.1772156215469632
-0.12549615058490451,0.6615454555238269,0.16562379108717573
0.05928675256474743,0.4581272474587769,0.5013682663716643
0.20159286992268674,0.07956873630607808,0.3176915811031274
-0.36772355590501704,0.5705931396546485,0.17953930109576183
-0.3376823942996787,0.30476505801623455,0.4866330091360549
-0.20690065001846614,-0.07756374228138893,0.33057427204061657
-0.31987615762486665,0.8198941707035785,0.2357639254968641
-0.391874302288101,1.024359979781106,0.3517423505248399
-0.43264106995041435,1.137131418489559,0.41167294534855275
-0.4434796694356066,1.1657210221294436,0.30793136405359123
-0.5647078093444947,0.9344224439092266,0.3390501234784765
-0.49028957476849916,0.6239527185026387,0.3690716386627447
-0.39081849964773363,0.8124088691778838,0.4676104357466738
-0.20499064224307778,1.0788584615698473,0.3324771952513026
-0.024653133864831173,0.7966748356896702,0.34667749020299293
-0.19600949269807444,0.8687439639776507,0.44508024753200515
