0.0,0.0,0.8570332527160645
0.09867722541093826,-0.04286620765924454,0.8449637293815613
0.06664866209030151,-0.09950751066207886,0.4622555673122406
0.013186074793338776,-0.19412606954574585,0.10907840728759766
-0.10030557215213776,0.038660719990730286,0.8681188225746155
-0.20542798936367035,0.013529598712921143,0.49764516949653625
-0.31084010004997253,-0.008881330490112305,0.1493787169456482
0.0263233445584774,-0.01883251965045929,1.090343713760376
0.06831434369087219,-0.014412999153137207,1.331331729888916
0.10151826590299606,0.0194472074508667,1.5082100629806519
0.07741791009902954,-0.0398784875869751,1.5387389659881592
-0.07108694314956665,0.0484175980091095,1.3408101797103882
-0.14400087296962738,0.03581246733665466,1.0878180265426636
0.02940831333398819,0.19351351261138916,1.1884167194366455
0.20808884501457214,-0.06849440932273865,1.3012042045593262
0.2438596934080124,-0.05469744652509689,1.0424730777740479
0.21812376379966736,0.14385372400283813,1.1669707298278809
