0.0,0.0,0.8570332527160645
0.08201074600219727,-0.0920904129743576,0.8376780152320862
0.14911770820617676,-0.0579838752746582,0.4822911024093628
0.02390914410352707,-0.18880122900009155,0.13851630687713623
-0.08325386047363281,0.0917133167386055,0.8775814771652222
-0.22917285561561584,0.08469796180725098,0.5155341029167175
-0.3804938495159149,0.10649704933166504,0.17622405290603638
0.03440995514392853,-0.008962765336036682,1.0716129541397095
0.09264110028743744,0.025170117616653442,1.2964352369308472
0.1281452178955078,0.07588177919387817,1.485898733139038
0.0992128923535347,0.005608737468719482,1.51943039894104
-0.04812236130237579,0.10298824310302734,1.2877665758132935
-0.10795125365257263,0.1886788010597229,1.0326790809631348
0.08834183216094971,0.22646600008010864,1.2037906646728516
0.21934272348880768,-0.07389959692955017,1.2447377443313599
0.3044382333755493,-0.11343704164028168,0.9679064154624939
0.29327672719955444,0.05415612459182739,1.1487953662872314
