-0.15610894097419403,0.3898984544248992,0.23055771681092874
-0.009842208609040452,0.451023574538997,0.22337086466678474
0.13362127819412942,0.5542523499481573,0.7214799400359704
0.28766474971731143,0.13820533066279087,0.4201562071354518
-0.3017029130562767,0.32851170329120405,0.21995022431866793
-0.45959437479332205,0.3429911663524305,0.7172145887501626
-0.29269504452932954,-0.07196630834586619,0.4431493935063683
-0.24365462334932106,0.5990243066214405,0.1799423628425466
-0.3410861531507712,0.8445389156214171,0.4182587186532518
-0.43824053795265666,1.0833829061945535,0.4846480273807484
-0.4535611726210086,1.1231296543429188,0.3941968851705254
-0.5898469905792924,0.7234124250533123,0.39953221890743096
-0.511469997547519,0.3199245786163248,0.4561798177113543
-0.3860200570127034,0.6092391755434257,0.5527975493530013
-0.07380097478778,0.9117571935315,0.4071421332546797
0.16572070156626087,0.5685182649547574,0.46662620053757137
-0.11977430922249338,0.6811936257890012,0.5534163294510437
