0.0,0.0,0.8570332527160645
0.08407747000455856,-0.09052719920873642,0.8378632664680481
0.170118048787117,-0.027138948440551758,0.48961788415908813
0.03875085711479187,-0.17826443910598755,0.14430969953536987
-0.08525488525629044,0.09043493866920471,0.8774721622467041
-0.2269977480173111,0.08539941906929016,0.5185256004333496
-0.378899484872818,0.10802388191223145,0.17924946546554565
0.033971890807151794,-0.008239567279815674,1.0704021453857422
0.09330517053604126,0.030292123556137085,1.293817400932312
0.1294432133436203,0.08174741268157959,1.4872028827667236
0.09904123097658157,0.011629223823547363,1.5194851160049438
-0.050022535026073456,0.10664060711860657,1.2853634357452393
-0.11304813623428345,0.1865234375,1.026057243347168
0.08239446580410004,0.22966712713241577,1.1989355087280273
0.22196857631206512,-0.06976664066314697,1.2407982349395752
0.3048710227012634,-0.10833512246608734,0.9601753354072571
0.2932032346725464,0.05700784921646118,1.1444815397262573
