0.0,0.0,0.8570332527160645
0.08680405467748642,-0.02839125692844391,0.7967735528945923
0.009784583002328873,-0.05853241682052612,0.39942315220832825
-0.05498834326863289,-0.12038177251815796,0.03369486331939697
-0.0795324370265007,0.025008775293827057,0.9233194589614868
-0.35847538709640503,0.21745721995830536,1.0320974588394165
-0.6896132826805115,0.40344300866127014,1.1075359582901
0.08810475468635559,-0.05340467393398285,1.0752191543579102
0.1773046851158142,-0.07415124773979187,1.2996668815612793
0.1750207096338272,-0.014346003532409668,1.4758752584457397
0.14622505009174347,-0.08751529455184937,1.5019067525863647
0.021541567519307137,-0.0476548969745636,1.3014883995056152
-0.10422762483358383,-0.00887228548526764,1.056756615638733
0.06063888967037201,0.13544467091560364,1.2247475385665894
0.3243517577648163,-0.11361533403396606,1.2744245529174805
0.4009416401386261,-0.13840997219085693,1.005070686340332
0.3673664331436157,0.057817548513412476,1.1756563186645508
