0.0,0.0,0.8570332527160645
0.1102444976568222,-0.061890631914138794,0.8496004343032837
0.3484615683555603,0.20617187023162842,0.6256935596466064
0.24126961827278137,0.005503654479980469,0.22545427083969116
-0.1129680722951889,0.057935647666454315,0.8636182546615601
-0.059618279337882996,0.4158482551574707,0.6602978110313416
-0.17132405936717987,0.234963059425354,0.2500850558280945
0.02511230856180191,0.02104790508747101,1.0757979154586792
0.08296310901641846,0.1181018054485321,1.2897820472717285
0.11553299427032471,0.1800193190574646,1.4096895456314087
0.07875965535640717,0.09409958124160767,1.439561367034912
-0.09264662861824036,0.1976620852947235,1.2800421714782715
-0.14690375328063965,0.2552132308483124,0.9515678882598877
0.029754966497421265,0.26981401443481445,1.093517541885376
0.2555268406867981,0.03060266375541687,1.2674955129623413
0.32585904002189636,0.028328079730272293,0.9302031993865967
0.22824522852897644,0.1631692796945572,1.0904881954193115
