0.0,0.0,0.8570332527160645
0.06077847629785538,-0.07759939134120941,0.8906539678573608
0.4135231673717499,-0.10126926004886627,0.910576343536377
0.7518364787101746,-0.19573070108890533,0.7713451981544495
-0.07032018154859543,0.0790436789393425,0.826457142829895
-0.05500732734799385,0.007592380046844482,0.4305303990840912
-0.08250895887613297,-0.08813565969467163,0.07981085777282715
-0.05530623719096184,0.013121232390403748,1.0888526439666748
-0.0877053514122963,0.04447615146636963,1.3254319429397583
-0.05027678608894348,0.08963078260421753,1.4895660877227783
-0.08759143203496933,0.009649336338043213,1.5180258750915527
-0.21469491720199585,0.13771629333496094,1.3227386474609375
-0.26553139090538025,0.17999133467674255,1.0597329139709473
-0.10118944942951202,0.28967469930648804,1.2227625846862793
0.03908099979162216,-0.052125394344329834,1.3120938539505005
0.08691301196813583,-0.0706893801689148,1.0449388027191162
0.10342906415462494,0.13454672694206238,1.2334136962890625
