0.0,0.0,0.8570332527160645
0.11905009299516678,-0.03946782276034355,0.8547858595848083
0.295413076877594,0.1148960143327713,0.5611064434051514
0.28110402822494507,-0.10209733247756958,0.17842131853103638
-0.1193087175488472,0.036965105682611465,0.8609000444412231
-0.10012748837471008,0.21573686599731445,0.5609313249588013
-0.18099597096443176,0.03812265396118164,0.18755263090133667
-0.002418583258986473,0.020871654152870178,1.0678510665893555
0.02781442552804947,0.1160895824432373,1.283966302871704
0.04459812119603157,0.17332559823989868,1.4887226819992065
0.01409987360239029,0.11087465286254883,1.5287041664123535
-0.14784450829029083,0.14727485179901123,1.255502462387085
-0.2808590531349182,0.20357687771320343,0.9601085186004639
-0.0905444324016571,0.2620733380317688,1.138676404953003
0.18525917828083038,0.050832927227020264,1.2555712461471558
0.26102888584136963,0.05986693501472473,0.9464019536972046
0.14108896255493164,0.22157610952854156,1.1149213314056396
