0.0,0.0,0.8570332527160645
0.086329884827137,-0.039852213114500046,0.814070463180542
0.030622318387031555,-0.060018181800842285,0.4379088580608368
-0.03641819953918457,-0.12621307373046875,0.0988054871559143
-0.08075541257858276,0.03525528311729431,0.9027991890907288
-0.3345959484577179,0.2219802737236023,0.8026503324508667
-0.6235657930374146,0.35663890838623047,0.6640793085098267
0.06501459330320358,-0.04630878567695618,1.0760695934295654
0.13415472209453583,-0.06291750073432922,1.3013516664505005
0.1491725742816925,-0.016444265842437744,1.4798834323883057
0.12051324546337128,-0.08512359857559204,1.507880687713623
-0.02140146493911743,-0.037959396839141846,1.3026530742645264
-0.12810882925987244,-0.07178041338920593,1.0483672618865967
0.025788936764001846,0.11658936738967896,1.1605308055877686
0.2757735252380371,-0.10483494400978088,1.2706259489059448
0.41665688157081604,-0.1245112493634224,1.0537364482879639
0.35742390155792236,0.0471208393573761,1.2131597995758057
