0.0,0.0,0.8570332527160645
0.10670997202396393,-0.06631197780370712,0.8527121543884277
0.3316994905471802,0.169755220413208,0.590381383895874
0.2561224400997162,-0.07417929172515869,0.1868685483932495
-0.10771183669567108,0.06323565542697906,0.8616227507591248
-0.066737100481987,0.18830455839633942,0.5741839408874512
-0.15179547667503357,0.07505053281784058,0.19073909521102905
0.008046205155551434,0.033568575978279114,1.065747857093811
0.04526394233107567,0.12910622358322144,1.2728817462921143
0.05649673938751221,0.18148529529571533,1.4634382724761963
0.024009305983781815,0.11497360467910767,1.5039234161376953
-0.12999646365642548,0.16963177919387817,1.2497073411941528
-0.24172979593276978,0.22827917337417603,0.9450832009315491
-0.053733453154563904,0.26420217752456665,1.1259372234344482
0.2019132375717163,0.04473063349723816,1.2432514429092407
0.28080475330352783,0.05061765015125275,0.9335827827453613
0.15757820010185242,0.1902291476726532,1.1206337213516235
