0.0,0.0,0.8570332527160645
0.13028834760189056,-0.06541460752487183,0.8526210188865662
0.47294026613235474,0.2616455554962158,0.9229742884635925
0.3528743088245392,0.04989531636238098,0.4796943664550781
-0.13638179004192352,0.05240146443247795,0.8595001101493835
-0.09408411383628845,0.5247125625610352,0.9541463851928711
-0.20087212324142456,0.30876362323760986,0.5110920667648315
-0.019037626683712006,-0.04995971918106079,1.0983611345291138
0.055180199444293976,0.10618805885314941,1.3600976467132568
0.09011401981115341,0.1628374457359314,1.6229816675186157
0.06488081067800522,0.11134344339370728,1.673311710357666
-0.1789388656616211,0.21501988172531128,1.352580189704895
-0.2567577064037323,0.27515196800231934,0.958477795124054
-0.006568968296051025,0.30523359775543213,1.1640844345092773
0.29217949509620667,0.007744848728179932,1.3167493343353271
0.38416504859924316,-0.003957588225603104,0.9097524285316467
0.25241613388061523,0.19442059099674225,1.1287147998809814
