0.0,0.0,0.8570332527160645
0.09242745488882065,-0.024705596268177032,0.8166764974594116
0.026334263384342194,-0.03660961985588074,0.4403521716594696
-0.04729767143726349,-0.10535424947738647,0.10400927066802979
-0.08532419800758362,0.022557411342859268,0.8997397422790527
-0.3240482211112976,0.2141733169555664,0.7999411821365356
-0.5860816240310669,0.3147718012332916,0.6280631422996521
0.06660562753677368,-0.044172048568725586,1.0739655494689941
0.13488008081912994,-0.061088353395462036,1.295157551765442
0.14441651105880737,-0.009191393852233887,1.454929232597351
0.10803209990262985,-0.086667001247406,1.479601502418518
-0.012987867929041386,-0.03083142638206482,1.2945175170898438
-0.10863416641950607,0.0011765062808990479,1.0511924028396606
0.06708534806966782,0.14545750617980957,1.1968865394592285
0.2733878195285797,-0.10094958543777466,1.2742762565612793
0.4309975802898407,-0.13518349826335907,1.0736384391784668
0.363216757774353,0.0389552116394043,1.2257051467895508
