0.0,0.0,0.8570332527160645
0.12956248223781586,-0.06580085307359695,0.8490486145019531
0.48917028307914734,0.2419312447309494,0.8637874722480774
0.35625922679901123,0.01080244779586792,0.4299657344818115
-0.1364801973104477,0.051095303148031235,0.8639253973960876
-0.13546481728553772,0.5227004289627075,0.905921459197998
-0.2763625979423523,0.3289825916290283,0.4647371172904968
-0.016882630065083504,-0.0480065643787384,1.0897819995880127
0.060121290385723114,0.11050638556480408,1.3420698642730713
0.09225557744503021,0.17046517133712769,1.6033689975738525
0.06948976963758469,0.11532574892044067,1.6527658700942993
-0.17255932092666626,0.21022427082061768,1.3306634426116943
-0.23922184109687805,0.27978515625,0.9569923281669617
-0.014007076621055603,0.3128965497016907,1.190761923789978
0.2907187342643738,0.013682395219802856,1.3023316860198975
0.36746227741241455,0.022803479805588722,0.907982349395752
0.2656344175338745,0.1991942822933197,1.158456802368164
