0.0,0.0,0.8570332527160645
0.09113988280296326,-0.023947738111019135,0.8123735785484314
0.02255447953939438,-0.04108339548110962,0.43200191855430603
-0.05066139996051788,-0.10565817356109619,0.08889824151992798
-0.0825614407658577,0.021411731839179993,0.9049280285835266
-0.34170016646385193,0.2204969823360443,0.8763464689254761
-0.6307773590087891,0.3505622148513794,0.7570255398750305
0.07081757485866547,-0.04621721804141998,1.0744524002075195
0.14203841984272003,-0.06458991765975952,1.29690682888031
0.14861632883548737,-0.009330809116363525,1.4616801738739014
0.11713831126689911,-0.08756130933761597,1.4882129430770874
-0.00843838881701231,-0.039394259452819824,1.2944809198379517
-0.11505052447319031,-0.0015896856784820557,1.054913878440857
0.05936294049024582,0.13737821578979492,1.211755394935608
0.2832682132720947,-0.1019880473613739,1.276032567024231
0.4398294985294342,-0.13203173875808716,1.0695033073425293
0.3704833686351776,0.04224121570587158,1.2270909547805786
