0.0,0.0,0.8570332527160645
0.07019152492284775,-0.054202236235141754,0.8979531526565552
0.4141022562980652,-0.12032215297222137,0.9238609671592712
0.7595263719558716,-0.23914365470409393,0.8684794902801514
-0.07798361778259277,0.05870858207345009,0.8207014799118042
-0.06305517256259918,-0.0033257603645324707,0.42340245842933655
-0.08749686181545258,-0.09109240770339966,0.07394289970397949
-0.05604416877031326,0.008968204259872437,1.087907075881958
-0.087613046169281,0.03666788339614868,1.3241041898727417
-0.05321156233549118,0.07940399646759033,1.4972560405731201
-0.08820963650941849,0.0007756948471069336,1.5203909873962402
-0.21795654296875,0.12296128273010254,1.322550892829895
-0.3065933883190155,0.19480302929878235,1.0771570205688477
-0.13123783469200134,0.2822263240814209,1.2395124435424805
0.03749547898769379,-0.060693711042404175,1.3027278184890747
0.061816319823265076,-0.10650346428155899,1.0301902294158936
0.10033724457025528,0.11573880910873413,1.2020478248596191
