0.0,0.0,0.8570332527160645
0.09439554065465927,-0.018981676548719406,0.809266984462738
0.021331150084733963,-0.03776144981384277,0.42416107654571533
-0.049312278628349304,-0.10350662469863892,0.07662266492843628
-0.08517517894506454,0.016279637813568115,0.9086887240409851
-0.3455945551395416,0.22419819235801697,0.9192811250686646
-0.649708092212677,0.3699330687522888,0.8337329030036926
0.07479341328144073,-0.0465555340051651,1.07352876663208
0.14768898487091064,-0.06696006655693054,1.2945878505706787
0.15433906018733978,-0.007654666900634766,1.4596960544586182
0.12356975674629211,-0.0850149393081665,1.4895877838134766
-0.0032399215269833803,-0.043159306049346924,1.2919042110443115
-0.1221662312746048,-0.008775562047958374,1.052614450454712
0.05314953625202179,0.13014021515846252,1.2095015048980713
0.29010993242263794,-0.10237577557563782,1.2722411155700684
0.4465298354625702,-0.13078349828720093,1.0627450942993164
0.37635961174964905,0.04686093330383301,1.2185707092285156
