0.0,0.0,0.8570332527160645
0.07972954958677292,-0.07744498550891876,0.8464821577072144
0.10419413447380066,-0.110350102186203,0.47789865732192993
0.06975868344306946,-0.1974625587463379,0.1448901891708374
-0.08072725683450699,0.07827751338481903,0.8670734167098999
-0.14755891263484955,0.05564534664154053,0.4968528151512146
-0.2331090271472931,-0.020090818405151367,0.16462016105651855
0.004080714657902718,-0.00997769832611084,1.087489128112793
0.01950966566801071,0.005412876605987549,1.3235180377960205
0.030130460858345032,0.047313809394836426,1.4743878841400146
-0.0028777653351426125,-0.021691441535949707,1.4985560178756714
-0.11542721092700958,0.08243033289909363,1.3239960670471191
-0.15165218710899353,0.11220094561576843,1.0710442066192627
0.009784765541553497,0.23433542251586914,1.166532039642334
0.15429940819740295,-0.06968405842781067,1.3149621486663818
0.16232365369796753,-0.12338276207447052,1.0521689653396606
0.1783372163772583,0.09812776744365692,1.1381325721740723
