0.0,0.0,0.8570332527160645
0.06811420619487762,-0.05554245412349701,0.8902184367179871
0.4000108242034912,-0.11559855192899704,0.8589041829109192
0.7189704775810242,-0.21676726639270782,0.7680100202560425
-0.07442908734083176,0.06161658465862274,0.8279457688331604
-0.055080901831388474,0.003057122230529785,0.4521903097629547
-0.07972593605518341,-0.08872956037521362,0.12094241380691528
-0.050388116389513016,0.004239246249198914,1.0773755311965942
-0.07689540088176727,0.02777537703514099,1.3028099536895752
-0.04133942723274231,0.06981438398361206,1.4674460887908936
-0.07637039572000504,-0.005587637424468994,1.4910061359405518
-0.19999511539936066,0.1123262345790863,1.3012375831604004
-0.2891737222671509,0.1925978809595108,1.0805602073669434
-0.12021251022815704,0.27371326088905334,1.2305059432983398
0.04310479760169983,-0.0649431049823761,1.2800160646438599
0.06409363448619843,-0.10599473863840103,1.0209178924560547
0.1038459911942482,0.10904443264007568,1.1840322017669678
