0.0,0.0,0.8570332527160645
0.10725010931491852,-0.06559732556343079,0.8484444618225098
0.3457827866077423,0.14257189631462097,0.5788743495941162
0.21880751848220825,-0.11309665441513062,0.18908661603927612
-0.10827158391475677,0.06440696865320206,0.8681808710098267
-0.15955926477909088,0.24581627547740936,0.5855014324188232
-0.2713031768798828,0.09227865934371948,0.20500731468200684
0.004922870080918074,-0.0008518397808074951,1.078244686126709
0.03965229541063309,0.05928480625152588,1.3180044889450073
0.06955400854349136,0.11498713493347168,1.5240192413330078
0.04284387081861496,0.05213195085525513,1.560010313987732
-0.12028253078460693,0.12399312853813171,1.3010163307189941
-0.15942545235157013,0.15731419622898102,1.0137145519256592
0.014532670378684998,0.2581673264503479,1.1748456954956055
0.19085489213466644,-0.021201670169830322,1.2838103771209717
0.24120305478572845,-0.02160460501909256,0.9905737638473511
0.20203877985477448,0.15301752090454102,1.186503529548645
