0.0,0.0,0.8570332527160645
0.08165480196475983,-0.047051042318344116,0.8894150257110596
0.4058159291744232,-0.09799469262361526,0.773952305316925
0.7173447012901306,-0.206369549036026,0.6121376752853394
-0.0887712836265564,0.05040550231933594,0.8283135890960693
-0.07871001958847046,-0.004705071449279785,0.43586182594299316
-0.10213153064250946,-0.09987688064575195,0.09290999174118042
-0.04416172206401825,0.002514362335205078,1.0923820734024048
-0.06590859591960907,0.027966409921646118,1.3345823287963867
-0.028309635818004608,0.06800878047943115,1.514310598373413
-0.061524488031864166,-0.004747509956359863,1.5428192615509033
-0.1995183527469635,0.10579520463943481,1.3292231559753418
-0.3294573724269867,0.19123418629169464,1.1134436130523682
-0.15379339456558228,0.28818073868751526,1.2616641521453857
0.058186598122119904,-0.07336363196372986,1.3102030754089355
0.06810082495212555,-0.12413099408149719,1.0342354774475098
0.10985204577445984,0.1201118528842926,1.174452781677246
