-0.2565812170391581,0.6408385024824735,0.171352580633139
-0.15786053407107992,0.6873521210210117,0.1599792365426822
0.08007594372305867,0.3914631987058812,0.21372005525517138
0.3035509068128609,0.09743839624923185,0.16863435386238249
-0.35547833558871594,0.5953560572602559,0.18021746106694078
-0.20155123982455916,0.24645234857925719,0.16198234581554044
-0.0382040276879781,-0.07357977395554689,0.0755140378291663
-0.3596969896045234,0.8291320917321233,0.15152274938810775
-0.4657443688001745,1.0308207133115777,0.18193489983176503
-0.5303307744868714,1.1723087637060718,0.22134632358184564
-0.5463976239291592,1.2056240754376748,0.15007676954197816
-0.6008679189073185,0.943752153177017,0.1694439435650472
-0.6184366963647845,0.6868614762924314,0.20135797873505057
-0.5542622925762345,0.8885290720984436,0.32283281182215723
-0.31179479944745747,1.0745557036469426,0.19191395699373634
-0.17292981616852565,0.8784849113274753,0.2735883927072016
-0.3732821167351876,0.9555726370874312,0.37357724486088784
