0.0,0.0,0.8570332527160645
0.09852400422096252,-0.056436292827129364,0.8730807900428772
0.2612217664718628,-0.1973583996295929,0.5368874669075012
0.42782747745513916,-0.33896392583847046,0.21213364601135254
-0.10460977256298065,0.04642730951309204,0.841709315776825
-0.11419552564620972,-0.008364379405975342,0.4377292990684509
-0.1278611421585083,-0.11678975820541382,0.07275760173797607
-0.030426722019910812,0.009516045451164246,1.1061744689941406
-0.04712580889463425,0.04594501852989197,1.3667770624160767
-0.020638994872570038,0.08821529150009155,1.559309959411621
-0.05280323326587677,0.021015703678131104,1.5912415981292725
-0.20325741171836853,0.10260957479476929,1.3521785736083984
-0.3583906292915344,0.19183477759361267,1.1374772787094116
-0.19394952058792114,0.3070894181728363,1.278131365776062
0.1036425530910492,-0.027892887592315674,1.352724552154541
0.17177188396453857,-0.0063011497259140015,1.081261396408081
0.15670733153820038,0.23152822256088257,1.2391645908355713
