0.0,0.0,0.8570332527160645
0.1088574230670929,-0.06619483232498169,0.8504284024238586
0.37183207273483276,0.2175806611776352,0.6470523476600647
0.26425713300704956,-0.0022052526473999023,0.22456705570220947
-0.11308044195175171,0.059906475245952606,0.8631736636161804
-0.038555532693862915,0.4292054772377014,0.6636514663696289
-0.17408253252506256,0.2117285132408142,0.24570542573928833
0.03181923180818558,0.02050688862800598,1.06238853931427
0.09891628473997116,0.12208780646324158,1.2690300941467285
0.14263243973255157,0.16766691207885742,1.4796150922775269
0.11432889103889465,0.10909610986709595,1.5206819772720337
-0.07796956598758698,0.1936635971069336,1.262763261795044
-0.11653152108192444,0.23752392828464508,0.9433141350746155
0.061624906957149506,0.2789565324783325,1.1301546096801758
0.2626623511314392,0.02017378807067871,1.2287702560424805
0.30315935611724854,0.03604383021593094,0.8993750810623169
0.22752569615840912,0.18331016600131989,1.1068994998931885
