0.0,0.0,0.8570332527160645
0.09907755255699158,-0.027143828570842743,0.8241266012191772
0.017351631075143814,-0.04954609274864197,0.4331468343734741
-0.07156498730182648,-0.11749416589736938,0.08086317777633667
-0.09646251797676086,0.019731368869543076,0.8913297653198242
-0.3120223581790924,0.24929235875606537,0.7124388217926025
-0.5722490549087524,0.3917413353919983,0.4824574589729309
0.06190051883459091,-0.04166409373283386,1.0901650190353394
0.1267087757587433,-0.06000325083732605,1.3277502059936523
0.12882527709007263,-0.0056920647621154785,1.5037400722503662
0.09804236143827438,-0.08211058378219604,1.5317416191101074
-0.03319263085722923,-0.03822585940361023,1.3264310359954834
-0.13156604766845703,-0.03719708323478699,1.0622612237930298
0.01647532731294632,0.13457131385803223,1.2165275812149048
0.28394049406051636,-0.0825909972190857,1.3153420686721802
0.334970086812973,-0.0914832130074501,1.046876311302185
0.30127543210983276,0.10066351294517517,1.2115979194641113
