0.0,0.0,0.8570332527160645
0.06433147937059402,-0.08882997930049896,0.8792299628257751
0.4018394649028778,-0.08436937630176544,0.7272163033485413
0.647068202495575,-0.16061004996299744,0.4681788682937622
-0.07336883246898651,0.08687280863523483,0.8363216519355774
-0.058076974004507065,0.012833505868911743,0.43816426396369934
-0.08425669372081757,-0.09295469522476196,0.0849919319152832
-0.04942018911242485,0.010658293962478638,1.0935958623886108
-0.08141948282718658,0.03892111778259277,1.3342148065567017
-0.05134246498346329,0.08405119180679321,1.5027590990066528
-0.08902199566364288,0.0027240514755249023,1.527992844581604
-0.20808982849121094,0.13484537601470947,1.3329015970230103
-0.26245900988578796,0.1780628263950348,1.0686887502670288
-0.10386782884597778,0.2934090793132782,1.227530837059021
0.04653856158256531,-0.060768842697143555,1.3200712203979492
0.08479003608226776,-0.08150120079517365,1.0521259307861328
0.1015719473361969,0.13280713558197021,1.2323247194290161
