0.0,0.0,0.8570332527160645
0.1254560351371765,-0.06558685749769211,0.8483084440231323
0.3994618058204651,0.3130224943161011,0.8729038238525391
0.3253660202026367,0.19069021940231323,0.3978521227836609
-0.12866085767745972,0.058545082807540894,0.8635391592979431
-0.07489582896232605,0.5105060338973999,0.840685248374939
-0.19439685344696045,0.35422414541244507,0.40903329849243164
0.008276357315480709,-0.03221876919269562,1.0855858325958252
0.09861738234758377,0.12442615628242493,1.323703408241272
0.14217287302017212,0.1918022632598877,1.4884490966796875
0.10705940425395966,0.10825204849243164,1.5369489192962646
-0.11753638088703156,0.21627965569496155,1.307706594467163
-0.22361257672309875,0.31334465742111206,0.9460946917533875
0.014913327991962433,0.3085939884185791,1.14292573928833
0.30698534846305847,0.015754759311676025,1.2859889268875122
0.437102347612381,-0.0037992428988218307,0.8955647945404053
0.2982373833656311,0.162969172000885,1.11374831199646
