0.0,0.0,0.8570332527160645
0.11296248435974121,-0.06527270376682281,0.8472805023193359
0.3218093514442444,0.22825562953948975,0.5873476266860962
0.16719309985637665,-0.03682422637939453,0.18958288431167603
-0.11549800634384155,0.06204233318567276,0.8678438663482666
-0.12251898646354675,0.3764810860157013,0.6175397634506226
-0.32098817825317383,0.2588961124420166,0.219865620136261
0.019156143069267273,-0.0076737552881240845,1.0628998279571533
0.0868649035692215,0.08820509910583496,1.2799057960510254
0.12414608895778656,0.1451929807662964,1.500270128250122
0.09910690039396286,0.08057564496994019,1.5371906757354736
-0.08736802637577057,0.16115552186965942,1.2686355113983154
-0.14879411458969116,0.2347337156534195,0.9721417427062988
0.0550399087369442,0.2558979094028473,1.179772138595581
0.24393263459205627,-0.013841390609741211,1.2331889867782593
0.32645177841186523,-0.043427616357803345,0.9052358269691467
0.2823317348957062,0.11190412938594818,1.0992248058319092
