0.0,0.0,0.8570332527160645
0.08518823236227036,-0.08445364236831665,0.8414309620857239
0.14962244033813477,-0.09683588147163391,0.4874330163002014
0.08337502181529999,-0.19426584243774414,0.14572298526763916
-0.08566506952047348,0.08505798876285553,0.8731157183647156
-0.16058622300624847,0.049591898918151855,0.5037578344345093
-0.2355411946773529,-0.013842344284057617,0.16357088088989258
0.029895657673478127,-0.012687906622886658,1.072052001953125
0.0815407782793045,0.016482651233673096,1.2969489097595215
0.12903714179992676,0.05094200372695923,1.463053584098816
0.10149402916431427,-0.016639292240142822,1.495495080947876
-0.05857624113559723,0.09636068344116211,1.2968486547470093
-0.10372817516326904,0.14657555520534515,1.0368956327438354
0.07966028898954391,0.20963054895401,1.1709250211715698
0.21471603214740753,-0.06791648268699646,1.251193881034851
0.2327454835176468,-0.061822209507226944,0.9757351875305176
0.21347875893115997,0.10808661580085754,1.1545649766921997
