-0.275940772996972,0.6891910241202429,0.15994460629718582
-0.21348225170799942,0.745882303483594,0.09019932227652741
0.024175454326236422,0.9722909316749854,0.21003512518112039
0.35993147492285277,1.1443416953277774,0.2886607446366119
-0.34611069723711857,0.6347383334533736,0.22769835543069503
-0.14191702360270514,0.2871436370989644,0.21155383924210025
0.008920038783899431,-0.03759722679387546,0.14805503976556114
-0.4065351715645448,0.8532904330946129,0.13683899054633206
-0.5213591615464724,1.0397878390490003,0.15241303997438488
-0.5658427662329153,1.1863990920024459,0.21387864442709675
-0.5802401505626141,1.215607251795544,0.13335346214400023
-0.6489215672763539,0.9714850566344122,0.180066933105685
-0.6043607857522391,0.7254979080182252,0.22462824500652218
-0.5707279641058534,0.9304608472886452,0.3581738727262695
-0.38152047741121636,1.0799562654252208,0.12787219634166966
-0.2347161990013022,0.8714698806509914,0.13377645169607422
-0.36408315272121333,1.0220838762885565,0.29677497744860204
