0.0,0.0,0.8570332527160645
0.08267849683761597,-0.03576437383890152,0.8117567300796509
0.010869242250919342,-0.05507504940032959,0.4331098198890686
-0.06677999347448349,-0.11365646123886108,0.08804333209991455
-0.07519988715648651,0.03366691991686821,0.9064080119132996
-0.3716881573200226,0.2156982123851776,0.8882486820220947
-0.6831148266792297,0.37133532762527466,0.8127643465995789
0.07074230164289474,-0.05109427869319916,1.0736178159713745
0.14566095173358917,-0.06589850783348083,1.2976657152175903
0.14467565715312958,-0.012692272663116455,1.4674344062805176
0.11546573787927628,-0.08657866716384888,1.495240569114685
-0.005427735857665539,-0.04483628273010254,1.2992932796478271
-0.10693918168544769,-0.016628071665763855,1.0515894889831543
0.041273899376392365,0.14616578817367554,1.207741618156433
0.2893601059913635,-0.09877747297286987,1.2739824056625366
0.34376391768455505,-0.12457720190286636,1.0126785039901733
0.31528645753860474,0.06629940867424011,1.172753930091858
