0.0,0.0,0.8570332527160645
0.07848849892616272,-0.06920142471790314,0.8587766885757446
0.13210918009281158,-0.12223893404006958,0.48964226245880127
0.16020581126213074,-0.21053940057754517,0.14941620826721191
-0.08206658065319061,0.06586190313100815,0.8542740345001221
-0.09310399740934372,-0.008719861507415771,0.4729073941707611
-0.1390751600265503,-0.12220954895019531,0.13494956493377686
-0.021686343476176262,0.0018424391746520996,1.0911047458648682
-0.03487417474389076,0.02953284978866577,1.3324098587036133
-0.028023384511470795,0.07151961326599121,1.5008375644683838
-0.05797816067934036,0.008547306060791016,1.5275505781173706
-0.17247699201107025,0.09575134515762329,1.3255250453948975
-0.2264958918094635,0.11050833761692047,1.069239854812622
-0.09263487160205841,0.24479106068611145,1.2135329246520996
0.10441099852323532,-0.03350478410720825,1.327410340309143
0.13667230308055878,-0.03982757031917572,1.077842354774475
0.13257157802581787,0.16196155548095703,1.242120623588562
