-0.27083134541718223,0.6764296928094035,0.1629554304518652
-0.1961245074951612,0.7292965237001324,0.10335232389352575
0.14956766315582062,0.7634100292427313,0.22432922417687687
0.5130269779627511,0.7878048728032382,0.292725005115557
-0.35246746723461225,0.6257097947035908,0.22353086211278272
-0.15092831306218876,0.2704850719576632,0.20713108581848488
0.0034977657114161585,-0.04625635198629393,0.12055517607139299
-0.38741037716294474,0.8539630794572711,0.13308721219502717
-0.4887651646580573,1.0468963748572766,0.12646426482413997
-0.5351029720502726,1.2051734042350952,0.18886598710901703
-0.5485711922585215,1.2275925394273475,0.09773579726175827
-0.6236852574506351,0.9858491757478955,0.16175034693543003
-0.6668812068531759,0.7500884569067701,0.2406245181866457
-0.6114563430398195,0.9286492122075841,0.3818253361379624
-0.33988056941580974,1.07110234794904,0.09005543153692988
-0.2141384649911296,0.8500255523713135,0.08540373482419022
-0.3222226497275745,0.9496340397794918,0.2997088463790926
