0.0,0.0,0.8570332527160645
0.09054846316576004,-0.07924497127532959,0.8469463586807251
0.25724685192108154,0.0026654303073883057,0.5273065567016602
0.16500891745090485,-0.17713600397109985,0.16915780305862427
-0.08959070593118668,0.08207738399505615,0.8694560527801514
-0.2029131054878235,0.07946470379829407,0.5197454690933228
-0.28598225116729736,0.0013031959533691406,0.1803799867630005
0.0023849811404943466,-0.00791303813457489,1.078747272491455
0.02619546838104725,0.026286393404006958,1.3179666996002197
0.05321633070707321,0.07313954830169678,1.5106959342956543
0.025873970240354538,0.01202237606048584,1.5423732995986938
-0.11755739152431488,0.09624725580215454,1.3030920028686523
-0.16274026036262512,0.1286773830652237,1.0365889072418213
-0.0019610002636909485,0.2791018486022949,1.1255171298980713
0.16486796736717224,-0.05177271366119385,1.2848267555236816
0.20691871643066406,-0.068457692861557,1.0133732557296753
0.21177059412002563,0.151092991232872,1.13333261013031
