0.0,0.0,0.8570332527160645
0.12753990292549133,-0.06326574832201004,0.8498534560203552
0.45771288871765137,0.2652592957019806,0.9210906624794006
0.3633789122104645,0.12238192558288574,0.47107523679733276
-0.13066263496875763,0.0566239096224308,0.8607193231582642
-0.09042346477508545,0.5191824436187744,0.9445178508758545
-0.167533278465271,0.3644534647464752,0.4956863820552826
-0.003765853587538004,-0.03658980131149292,1.1043678522109985
0.08034708350896835,0.12231495976448059,1.3633508682250977
0.12577088177204132,0.2071995735168457,1.4946092367172241
0.0805639699101448,0.10022842884063721,1.5444347858428955
-0.15322528779506683,0.21354657411575317,1.3531042337417603
-0.275089830160141,0.3111979365348816,0.957828164100647
-0.031596556305885315,0.3228170871734619,1.150604248046875
0.30341583490371704,0.008847683668136597,1.3273873329162598
0.4472767114639282,-0.011235233396291733,0.9205154180526733
0.29146286845207214,0.17018644511699677,1.12393057346344
