0.0,0.0,0.8570332527160645
0.09683872759342194,-0.05696159228682518,0.8624559044837952
0.1765516996383667,-0.13010475039482117,0.49665567278862
0.23512962460517883,-0.2048114538192749,0.14167964458465576
-0.09847725927829742,0.05312179774045944,0.8511247038841248
-0.11635630577802658,0.00030493736267089844,0.46577250957489014
-0.14644217491149902,-0.11664944887161255,0.11334884166717529
-0.01858961209654808,0.005820736289024353,1.0822970867156982
-0.02434578537940979,0.04350367188453674,1.3156179189682007
-0.005748480558395386,0.09338968992233276,1.482611894607544
-0.035372305661439896,0.0321202278137207,1.5156984329223633
-0.1633671671152115,0.09463506937026978,1.293758511543274
-0.2772277891635895,0.17151394486427307,1.0656366348266602
-0.10165052115917206,0.24186056852340698,1.211355209350586
0.1176031231880188,-0.004130423069000244,1.3005707263946533
0.19963257014751434,0.03923676908016205,1.056461215019226
0.10919652879238129,0.20248675346374512,1.2148284912109375
