-0.23428076987718457,0.5851407965908235,0.18449352918890335
-0.10671920744634664,0.6342909432742939,0.1881524922580051
0.018483209224185615,0.45114210862644144,0.5878233053278931
0.15842082088659848,0.07299917783697453,0.36311042285724704
-0.36081507557089343,0.5361297961088883,0.1731781303246597
-0.3836530477147112,0.30961999635686,0.5648819403070987
-0.29368204756325117,-0.09574009387002451,0.3923084751610718
-0.2956917470982444,0.7938355891635334,0.2740339203633181
-0.35162282367375336,0.9904739277286029,0.40611769556093885
-0.39568511255646244,1.1259098580472677,0.4653324590875868
-0.4092049681031253,1.1615417622869288,0.363183935593975
-0.5434390345709272,0.8981753592019301,0.38267998704698414
-0.523434287656717,0.5490873462861451,0.4416419319485036
-0.38875065532001707,0.7882288018767077,0.4822940181533204
-0.14306109342207507,1.0364802094850247,0.3761361218027407
0.09539501921961152,0.7498829214359859,0.40124552342296405
-0.11796728289932094,0.8534225712097125,0.4503933880030363
