0.0,0.0,0.8570332527160645
0.12096396088600159,-0.061637163162231445,0.8513307571411133
0.40567561984062195,0.25945594906806946,0.718157172203064
0.3134095370769501,0.05037349462509155,0.2865093946456909
-0.1250455379486084,0.05383940413594246,0.862255334854126
0.009537369012832642,0.4684346914291382,0.7506479024887085
-0.11140482127666473,0.2810478210449219,0.3162425756454468
-0.008996542543172836,-0.014561176300048828,1.0651836395263672
0.06470316648483276,0.1527586579322815,1.2802164554595947
0.07679078727960587,0.21285057067871094,1.4914164543151855
0.04864490404725075,0.15374398231506348,1.5413423776626587
-0.13986836373806,0.21326813101768494,1.26416015625
-0.23154377937316895,0.28700125217437744,0.9266530275344849
-0.016224324703216553,0.3002108037471771,1.1217224597930908
0.2534416913986206,0.056588947772979736,1.2480359077453613
0.3441351056098938,0.06147901713848114,0.8923870325088501
0.21535848081111908,0.21296700835227966,1.0956215858459473
