0.0,0.0,0.8570332527160645
0.09447978436946869,-0.005831766873598099,0.8049014210700989
0.018577445298433304,-0.03004699945449829,0.4211350083351135
-0.04046981781721115,-0.09628194570541382,0.07391726970672607
-0.08667542040348053,0.0012152157723903656,0.9136505126953125
-0.328543096780777,0.21473924815654755,1.0200374126434326
-0.6494349241256714,0.40178704261779785,1.045136570930481
0.08205404132604599,-0.04642951488494873,1.0675642490386963
0.15770138800144196,-0.07184195518493652,1.2816815376281738
0.16257217526435852,-0.011462867259979248,1.4486839771270752
0.13228599727153778,-0.08489900827407837,1.4754431247711182
0.00782872922718525,-0.049941062927246094,1.2779796123504639
-0.11983530223369598,-0.03071501851081848,1.0430424213409424
0.04674221947789192,0.10650360584259033,1.2109261751174927
0.30151069164276123,-0.10159027576446533,1.2608530521392822
0.44068509340286255,-0.1090121790766716,1.0401324033737183
0.3709346652030945,0.06136706471443176,1.2020751237869263
