0.0,0.0,0.8570332527160645
0.12404710054397583,-0.058606699109077454,0.8494355082511902
0.3640090823173523,0.32062268257141113,0.7658386826515198
0.27650192379951477,0.15996402502059937,0.3141615390777588
-0.12642163038253784,0.052722007036209106,0.8630971312522888
-0.06063064932823181,0.4892176687717438,0.8030537366867065
-0.18371516466140747,0.40380826592445374,0.3476477861404419
0.014539787545800209,-0.02127540111541748,1.0784740447998047
0.10049130022525787,0.12488362193107605,1.3017804622650146
0.13907602429389954,0.19000011682510376,1.4629889726638794
0.10894454270601273,0.11065787076950073,1.510895848274231
-0.09847338497638702,0.2091221809387207,1.288999080657959
-0.20303061604499817,0.3158862292766571,0.945797324180603
0.04103191941976547,0.2926795482635498,1.1435329914093018
0.29180437326431274,0.023340433835983276,1.264143466949463
0.41923409700393677,-0.0021901968866586685,0.8892406225204468
0.29278066754341125,0.15998397767543793,1.0926532745361328
