0.0,0.0,0.8570332527160645
0.08267077803611755,-0.04064224287867546,0.8051294088363647
0.00926966592669487,-0.05985969305038452,0.41373080015182495
-0.06655057519674301,-0.11970639228820801,0.056963562965393066
-0.07423611730337143,0.03995046392083168,0.9141168594360352
-0.3825797438621521,0.2220052182674408,0.9195723533630371
-0.7147251963615417,0.3865783214569092,0.8835206031799316
0.07594034075737,-0.05389206111431122,1.0777781009674072
0.15647567808628082,-0.06900849938392639,1.3062893152236938
0.1554609090089798,-0.011665821075439453,1.4784380197525024
0.12686243653297424,-0.08809155225753784,1.5076313018798828
0.0042576659470796585,-0.04533544182777405,1.308720350265503
-0.10633320361375809,-0.0022638440132141113,1.0570719242095947
0.05206312984228134,0.1560467779636383,1.215111255645752
0.30089616775512695,-0.1058712899684906,1.2815923690795898
0.3603416979312897,-0.13764497637748718,1.0106724500656128
0.3325292468070984,0.061107903718948364,1.17359459400177
