0.0,0.0,0.8570332527160645
0.0734415352344513,-0.07301390171051025,0.879196286201477
0.37280914187431335,-0.07051098346710205,0.6803534030914307
0.6276760101318359,-0.1633596122264862,0.442694753408432
-0.07962802797555923,0.07424037158489227,0.836803674697876
-0.06386564671993256,0.005370438098907471,0.44216692447662354
-0.08622533828020096,-0.09308713674545288,0.08937174081802368
-0.040631428360939026,0.004634976387023926,1.0923075675964355
-0.06263471394777298,0.028536677360534668,1.3328403234481812
-0.03190354257822037,0.07071030139923096,1.5037496089935303
-0.06559059768915176,-0.005968630313873291,1.5293322801589966
-0.19011476635932922,0.11372557282447815,1.3295300006866455
-0.30051136016845703,0.20915521681308746,1.1054742336273193
-0.12104716897010803,0.2744339108467102,1.2571576833724976
0.06084037572145462,-0.07009831070899963,1.3127703666687012
0.09622001647949219,-0.1090283989906311,1.0451958179473877
0.11057832837104797,0.1192106306552887,1.2031877040863037
