0.0,0.0,0.8570332527160645
0.11366937309503555,0.0037542860954999924,0.8412382006645203
0.03849238157272339,-0.04461562633514404,0.45110541582107544
-0.05664307624101639,-0.13161736726760864,0.1062004566192627
-0.1128019168972969,-0.010360881686210632,0.873336136341095
-0.2842717468738556,0.1349358856678009,0.590797483921051
-0.49224263429641724,0.17529135942459106,0.2767139673233032
0.040529634803533554,-0.024962246417999268,1.0932388305664062
0.08528482913970947,-0.03087475895881653,1.336165189743042
0.09143725037574768,0.013749361038208008,1.5097324848175049
0.05911807715892792,-0.056874215602874756,1.5343745946884155
-0.07359622418880463,-0.02124902606010437,1.3309564590454102
-0.15724661946296692,-0.08232960104942322,1.0633869171142578
-0.021106354892253876,0.10928577184677124,1.1819010972976685
0.24030935764312744,-0.04797813296318054,1.3278412818908691
0.32479819655418396,-0.06108967959880829,1.0789692401885986
0.24727743864059448,0.12322735786437988,1.218402624130249
