0.0,0.0,0.8570332527160645
0.0920000895857811,-0.07407873868942261,0.8459084630012512
0.16972088813781738,-0.07965543866157532,0.49527475237846375
0.1216728687286377,-0.15266865491867065,0.1663799285888672
-0.09183131158351898,0.07575678825378418,0.8690927028656006
-0.17410703003406525,0.07522702217102051,0.5141758918762207
-0.23955553770065308,0.023753046989440918,0.18564724922180176
0.01161957997828722,-0.009809836745262146,1.0733543634414673
0.045444682240486145,0.026998698711395264,1.2981889247894287
0.06415559351444244,0.0718502402305603,1.4162533283233643
0.028878072276711464,-0.0096510648727417,1.4405994415283203
-0.10600043833255768,0.10157144069671631,1.2907289266586304
-0.1520506888628006,0.13293208181858063,1.0139753818511963
0.026155680418014526,0.21166038513183594,1.118064522743225
0.1917746514081955,-0.055484265089035034,1.2733014822006226
0.22596974670886993,-0.0812535434961319,0.9865254163742065
0.18871551752090454,0.10592818260192871,1.09714674949646
