0.0,0.0,0.8570332527160645
0.11733607947826385,-0.06416688859462738,0.8519372344017029
0.42452332377433777,0.2389887422323227,0.6812022924423218
0.30575886368751526,-0.01435089111328125,0.26509952545166016
-0.12184374034404755,0.055107906460762024,0.8638470768928528
-0.0925186276435852,0.47810131311416626,0.7279285192489624
-0.22608515620231628,0.270405650138855,0.29752641916275024
-0.006548058707267046,-0.02297210693359375,1.074883222579956
0.05347464233636856,0.10087135434150696,1.3071942329406738
0.08803468942642212,0.16021430492401123,1.5407353639602661
0.06341307610273361,0.1043204665184021,1.5835297107696533
-0.13175715506076813,0.17777952551841736,1.2908986806869507
-0.16285021603107452,0.23134976625442505,0.9646643400192261
0.026412680745124817,0.2787114083766937,1.1769545078277588
0.23179328441619873,0.013236373662948608,1.2784050703048706
0.30002081394195557,0.02974991872906685,0.938848078250885
0.2253972589969635,0.1841554045677185,1.1808488368988037
