0.0,0.0,0.8570332527160645
0.08595353364944458,-0.07118591666221619,0.8219612240791321
0.04771684110164642,-0.08110815286636353,0.42920827865600586
-0.032195720821619034,-0.1351369023323059,0.06487131118774414
-0.08701840788125992,0.06418836861848831,0.8935608863830566
-0.3098626732826233,0.1663179099559784,0.6293208003044128
-0.5664243102073669,0.21902596950531006,0.3626987338066101
0.05620213970541954,-0.034143537282943726,1.086012363433838
0.11953046172857285,-0.04219105839729309,1.322504997253418
0.14219199120998383,0.003981232643127441,1.510466456413269
0.11366565525531769,-0.06463831663131714,1.5401116609573364
-0.03135860338807106,-0.004382997751235962,1.3228421211242676
-0.13755685091018677,0.009570986032485962,1.0663604736328125
0.03659400716423988,0.16719672083854675,1.1942274570465088
0.2527770400047302,-0.10324937105178833,1.2852399349212646
0.38776153326034546,-0.12321609258651733,1.0454628467559814
0.34151485562324524,0.051659852266311646,1.2186992168426514
