0.0,0.0,0.8570332527160645
0.08963639289140701,-0.05951407551765442,0.8431739807128906
0.05513610690832138,-0.1005159318447113,0.46634629368782043
-0.013114579021930695,-0.19292724132537842,0.12911546230316162
-0.0906219556927681,0.058234285563230515,0.8706661462783813
-0.18560467660427094,0.028084129095077515,0.5007562041282654
-0.29691267013549805,-0.014074742794036865,0.1649935245513916
0.026823941618204117,-0.020814836025238037,1.0874555110931396
0.06984841078519821,-0.017678678035736084,1.3255038261413574
0.1018313467502594,0.018553197383880615,1.496435523033142
0.07950926572084427,-0.04337280988693237,1.5250376462936401
-0.06570907682180405,0.053741663694381714,1.3354445695877075
-0.1191173791885376,0.10169903934001923,1.0939782857894897
0.05429770052433014,0.21398788690567017,1.221893072128296
0.20787343382835388,-0.07514369487762451,1.3005110025405884
0.23099586367607117,-0.037228986620903015,1.0475763082504272
0.2179356962442398,0.14535093307495117,1.2021199464797974
