-0.27077089969211826,0.676278723270875,0.16299104920684854
-0.19856039551229196,0.7244645958195143,0.08925835461318377
0.1410928143697826,0.7503190793513865,0.22248843162687926
0.48414222390047057,0.6744452816572724,0.3038751299889638
-0.34982661560429884,0.6289849614066517,0.2384697873636126
-0.1443217315455575,0.28080292402813756,0.2109649825489887
0.018157730055218393,-0.03874491964223645,0.12751401841758342
-0.3959024698788501,0.8497458354299972,0.13977190681992052
-0.5092517083361567,1.0375915939167737,0.14079086875386865
-0.5505950313402698,1.1798266503806383,0.19901790845306533
-0.567596862066518,1.2065517747091192,0.10693080227092724
-0.6400381507727184,0.972293796001035,0.1803304648188395
-0.6008967346766135,0.7191670327827965,0.20485536673683613
-0.5635601593032682,0.8899147330181775,0.36781299819344204
-0.3622204748339247,1.0745644867995412,0.10557005851074092
-0.22594879214445182,0.8681153128581642,0.13342626253864523
-0.35216553522865673,1.0057235118475147,0.3132444638430464
