0.0,0.0,0.8570332527160645
0.0829552486538887,-0.04111543670296669,0.8043931126594543
0.006941281259059906,-0.062260180711746216,0.4123257100582123
-0.07089728862047195,-0.12301671504974365,0.05644214153289795
-0.0747532919049263,0.040205202996730804,0.9151377081871033
-0.37863004207611084,0.22434163093566895,0.9367033839225769
-0.7155751585960388,0.3976127803325653,0.912988543510437
0.07601070404052734,-0.05381450057029724,1.07817804813385
0.15771964192390442,-0.06764313578605652,1.3073079586029053
0.15495455265045166,-0.010891914367675781,1.4838838577270508
0.12563897669315338,-0.08535391092300415,1.5107390880584717
0.003972343169152737,-0.04030793905258179,1.3116869926452637
-0.10489927977323532,0.004604995250701904,1.0615043640136719
0.05461445450782776,0.15615889430046082,1.2248032093048096
0.30356088280677795,-0.10754680633544922,1.280038595199585
0.35912051796913147,-0.14108704030513763,1.0090252161026
0.33368268609046936,0.05869951844215393,1.1747995615005493
