-0.2707233741596297,0.676160023268509,0.16301905450077744
-0.17622746548848608,0.6995951256685613,0.22463724254238454
-0.08156878994074718,0.30507138544026535,0.20171730227614965
0.011543471605805808,-0.04422180615117437,0.11552484638472452
-0.3622054701860443,0.6569406877653339,0.10062969365097121
-0.5870370399001916,0.3659044697830505,0.20501561920267414
-0.8044930903086046,0.06927066861493587,0.2558407360836301
-0.30544429654564415,0.8890011509190178,0.1360380166686184
-0.35889790361975005,1.1038536114777797,0.12942220893613643
-0.4356837405521993,1.2370015418514662,0.17727289379574449
-0.44553795486508285,1.262839511020418,0.09296981248581129
-0.48444266207313136,1.0232634982920397,0.0746035285948633
-0.42427944159173137,0.7742052664627719,0.02766874690819421
-0.4417265002012938,0.9152616076443252,0.24448194968727988
-0.21972439910111935,1.1489134600055573,0.1745035464633078
-0.032168550645787226,0.9966115199019383,0.24841658679860384
-0.21504739708654647,1.053355707082919,0.36390567141127284
