-0.22953284798714368,0.5732823636586374,0.18729132946845134
-0.10012334021618975,0.6234873010304549,0.19069430613844301
0.011183865664682808,0.4865790781468648,0.6259837978321512
0.16233987310732362,0.09007176831860872,0.42882162344653524
-0.3575124303236316,0.5234154114719227,0.17471735951250394
-0.405278163275189,0.3390607543212654,0.5956171258532408
-0.3055741118097258,-0.0824330489769501,0.4464397965206034
-0.29534904362709535,0.780183672082449,0.27113612628507305
-0.35540237178818634,0.9747265061052973,0.42929742096907
-0.40071266197642624,1.112744670599755,0.48768753438716833
-0.4117163070733628,1.146819119327211,0.3826089482485546
-0.5544300617838878,0.8748996041733472,0.39914583945955423
-0.5282513854924528,0.5140970470616775,0.46234236056616423
-0.392553524082234,0.7690598140679726,0.5027886579143995
-0.13833006991700383,1.024282314335064,0.39557281611376593
0.10414546056221548,0.724645024553501,0.4216028760727424
-0.11696645656842823,0.8278400672061051,0.47108889897424167
