0.0,0.0,0.8570332527160645
0.08272101730108261,-0.0826696902513504,0.846954345703125
0.14611056447029114,-0.1462193727493286,0.4825552701950073
0.11660003662109375,-0.24492961168289185,0.14148938655853271
-0.08233753591775894,0.08612988889217377,0.8688280582427979
-0.18895003199577332,0.034605830907821655,0.49623826146125793
-0.2782098054885864,-0.03260141611099243,0.1599712371826172
0.006846233271062374,-0.0061696916818618774,1.096046805381775
0.02868812531232834,0.016663730144500732,1.3453401327133179
0.04816016927361488,0.05365794897079468,1.5316673517227173
0.022899173200130463,-0.008198082447052002,1.560176134109497
-0.11879019439220428,0.07478451728820801,1.3389167785644531
-0.20522665977478027,-0.02188292145729065,1.081817865371704
-0.1053362786769867,0.13803181052207947,0.9848108887672424
0.1600128710269928,-0.07502484321594238,1.3209656476974487
0.13427601754665375,-0.1915639340877533,1.0599056482315063
0.170628622174263,0.02542613446712494,0.9961703419685364
