0.0,0.0,0.8570332527160645
0.08839937299489975,-0.03228230029344559,0.8161142468452454
0.01713033765554428,-0.05535537004470825,0.44071680307388306
-0.06468816101551056,-0.11839187145233154,0.10522079467773438
-0.07976604998111725,0.03114643320441246,0.9015937447547913
-0.359947144985199,0.22639653086662292,0.8360507488250732
-0.6676134467124939,0.39463046193122864,0.7309446930885315
0.052278950810432434,-0.04549179971218109,1.0815629959106445
0.10644369572401047,-0.05841439962387085,1.312424659729004
0.10740344226360321,-0.008601188659667969,1.4841784238815308
0.07616735249757767,-0.07920759916305542,1.5087354183197021
-0.047042038291692734,-0.048271387815475464,1.3035701513290405
-0.12622514367103577,-0.09288343042135239,1.0405930280685425
0.002943422645330429,0.09798046946525574,1.1855294704437256
0.25218963623046875,-0.08407071232795715,1.298532247543335
0.40013203024864197,-0.06007879972457886,1.0905728340148926
0.29679009318351746,0.09900340437889099,1.235450267791748
