-0.24293677949799947,0.6067600885518182,0.17939281635121226
-0.1220011829590126,0.6545083832679014,0.16017563946766028
0.05871838599603256,0.4669537528469728,0.5221269981282985
0.25122069392330965,0.10502913712640156,0.3413857039864948
-0.36335641235416566,0.5583446052763462,0.18779656515911794
-0.27150032908785493,0.3462177764961132,0.5601879063912687
-0.13668424104649474,-0.04290927866810233,0.3696210034942014
-0.33544615054544247,0.8029722952909895,0.24894352843027057
-0.4215745469767118,0.9907698921819488,0.33681213644330044
-0.5043420088512179,1.1455110230681913,0.3782983605199052
-0.5227540813024175,1.1838837371132611,0.29669181308776393
-0.587067615797856,0.8966104066431299,0.29599591232653616
-0.5633939039788279,0.5763693717106786,0.30540538758468266
-0.48904225843196275,0.7939840941197268,0.4086018454625596
-0.23836845350555522,1.044266094704972,0.3275467306178834
-0.06758522698719936,0.7808327098871356,0.37313011760677184
-0.2946793036246795,0.8802785118903332,0.435752179722378
