0.0,0.0,0.8570332527160645
0.10103566199541092,-0.042778898030519485,0.8709433674812317
0.2193739414215088,-0.18350738286972046,0.5277259349822998
0.33760732412338257,-0.31026268005371094,0.19598692655563354
-0.10582056641578674,0.03268904983997345,0.8433769941329956
-0.11958910524845123,-0.004883825778961182,0.460622638463974
-0.13099190592765808,-0.11635613441467285,0.10948455333709717
-0.027214359492063522,0.010185971856117249,1.0936537981033325
-0.043020255863666534,0.04651165008544922,1.3404688835144043
-0.020030945539474487,0.08784514665603638,1.5217317342758179
-0.04976687580347061,0.025263607501983643,1.5536448955535889
-0.19292695820331573,0.09209197759628296,1.3207381963729858
-0.3365256190299988,0.1789652556180954,1.112606167793274
-0.18863195180892944,0.2978665828704834,1.2471275329589844
0.10427896678447723,-0.009812265634536743,1.3302702903747559
0.18646827340126038,0.032925546169281006,1.0794920921325684
0.15579387545585632,0.25166332721710205,1.2286369800567627
