-0.261206970609118,0.6523918072209637,0.16862677028265688
-0.16233236810294027,0.6907011696553808,0.2037184890787867
-0.022432261135196304,0.32398946885774194,0.16832160625576809
0.10080763105756217,-0.01820720733946355,0.07430429099564442
-0.3583390219065716,0.6145868717569688,0.13030701882003934
-0.29775979598347213,0.23260825746097255,0.15542648994773564
-0.2429887515452138,-0.13057112409509394,0.09899053935975266
-0.31660387850628974,0.8659356068788617,0.14755153370631624
-0.3755793816757161,1.0910945076813598,0.16281244143329685
-0.4265783412562663,1.2391740988313988,0.19394755176679915
-0.43861191927598336,1.2724617580855841,0.12241391103080126
-0.5184097537413591,1.025632190478139,0.13949685475776474
-0.47610626384932586,0.7723700152075307,0.10960406010035356
-0.4217562366060127,0.9008395878778217,0.3140418806378806
-0.22528375090863254,1.1213480367561723,0.1856922111719428
-0.10028428349596658,0.8999305681139023,0.2166724097417418
-0.25325127024518634,0.9649332218344426,0.36301056385682695
