0.0,0.0,0.8570332527160645
0.1325618475675583,-0.06363210082054138,0.8522988557815552
0.4942360818386078,0.24096617102622986,0.8908346891403198
0.3815690577030182,0.022443324327468872,0.4494374692440033
-0.13909116387367249,0.04939686134457588,0.8609951734542847
-0.13984757661819458,0.5282762050628662,0.9207121729850769
-0.2689337730407715,0.3190069794654846,0.47854191064834595
-0.02186116762459278,-0.049313485622406006,1.0930702686309814
0.051621295511722565,0.11264932155609131,1.349076271057129
0.08680757880210876,0.17171359062194824,1.6118186712265015
0.06422441452741623,0.11382532119750977,1.658085823059082
-0.17702233791351318,0.20848271250724792,1.3380391597747803
-0.2588324248790741,0.27173635363578796,0.9597644209861755
-0.02675449848175049,0.31618374586105347,1.1702111959457397
0.2784317135810852,0.020404040813446045,1.3101341724395752
0.3668939471244812,0.021600771695375443,0.9030661582946777
0.2723560333251953,0.2024438977241516,1.1539911031723022
