0.0,0.0,0.8570332527160645
0.13051265478134155,-0.06353190541267395,0.8518968224525452
0.46304377913475037,0.26935315132141113,0.8901090621948242
0.3503108322620392,0.03852835297584534,0.45872485637664795
-0.13590601086616516,0.051797233521938324,0.8606305718421936
-0.07956469058990479,0.5205530524253845,0.9197421073913574
-0.19339463114738464,0.2807285189628601,0.4925907850265503
-0.021940436214208603,-0.04737129807472229,1.0949606895446777
0.04838772863149643,0.11052903532981873,1.3525078296661377
0.07975681126117706,0.17209076881408691,1.605783462524414
0.05461203306913376,0.11804366111755371,1.6559278964996338
-0.1805153787136078,0.21361300349235535,1.3433330059051514
-0.25423529744148254,0.2758635878562927,0.9568508267402649
-0.017812713980674744,0.3104493021965027,1.1687160730361938
0.2798064351081848,0.015016764402389526,1.3112497329711914
0.3773532211780548,0.0051450952887535095,0.9137392044067383
0.2431299239397049,0.1979910135269165,1.1328049898147583
