0.0,0.0,0.8570332527160645
0.08295267820358276,-0.050002846866846085,0.8863834738731384
0.39380913972854614,-0.08696618676185608,0.7349597215652466
0.6845588088035583,-0.18675747513771057,0.5453804731369019
-0.08943714946508408,0.05311232805252075,0.8310499787330627
-0.07878583669662476,-0.003335803747177124,0.44510871171951294
-0.10123088955879211,-0.10219347476959229,0.10704278945922852
-0.04208270460367203,0.002113744616508484,1.0898525714874268
-0.062447935342788696,0.02769869565963745,1.3297529220581055
-0.028025537729263306,0.06840378046035767,1.5103589296340942
-0.059961430728435516,-0.004734516143798828,1.5355191230773926
-0.19394086301326752,0.10238289833068848,1.3242707252502441
-0.32922571897506714,0.18476611375808716,1.1148823499679565
-0.16073709726333618,0.2854684889316559,1.2612134218215942
0.060149386525154114,-0.0693250298500061,1.304872989654541
0.07981603592634201,-0.1154613047838211,1.0350266695022583
0.11485528945922852,0.12770679593086243,1.176215410232544
