0.0,0.0,0.8570332527160645
0.08294236660003662,-0.03945242613554001,0.8132703900337219
0.014477428048849106,-0.059806227684020996,0.43365776538848877
-0.06377895921468735,-0.12015348672866821,0.09362649917602539
-0.074162557721138,0.038577836006879807,0.9052881002426147
-0.3743222653865814,0.216159850358963,0.887840986251831
-0.6963656544685364,0.37765219807624817,0.8324025869369507
0.05497853457927704,-0.0480504035949707,1.0798331499099731
0.11281479150056839,-0.05944141745567322,1.3105194568634033
0.11194882541894913,-0.008812367916107178,1.4843604564666748
0.08099924027919769,-0.07837945222854614,1.5096683502197266
-0.04057589918375015,-0.04984840750694275,1.2977015972137451
-0.12234162539243698,-0.07969512045383453,1.0375125408172607
0.015390615910291672,0.1022174060344696,1.1921610832214355
0.25623729825019836,-0.09083998203277588,1.2968530654907227
0.4041915833950043,-0.09404680132865906,1.0813922882080078
0.3103591501712799,0.07691991329193115,1.2275679111480713
