0.0,0.0,0.8570332527160645
0.12090012431144714,-0.06336693465709686,0.8524324893951416
0.4352705180644989,0.24641308188438416,0.7208352088928223
0.32605230808258057,0.010794222354888916,0.2908703088760376
-0.1261315792798996,0.052178699523210526,0.8627613186836243
-0.10105234384536743,0.488716185092926,0.7561787366867065
-0.23449209332466125,0.2871786653995514,0.3205099105834961
-0.012399395927786827,-0.03149990737438202,1.0754766464233398
0.05468631908297539,0.11234849691390991,1.3083769083023071
0.08715071529150009,0.17031419277191162,1.5490539073944092
0.06361665576696396,0.1137622594833374,1.5912859439849854
-0.13923898339271545,0.1919195055961609,1.2945541143417358
-0.17389702796936035,0.2508227527141571,0.950490415096283
0.023233860731124878,0.29347583651542664,1.1722148656845093
0.24212896823883057,0.022921741008758545,1.2770252227783203
0.3130779266357422,0.039294369518756866,0.9186704158782959
0.23659838736057281,0.19619515538215637,1.1661404371261597
