-0.2812090302137988,0.7023490491092994,0.15684018885828777
-0.19003966446090292,0.7026075362604953,0.2154037560010341
-0.0993962368981312,0.30639813002984206,0.20384349885717587
0.012097859291632346,-0.0374224139264597,0.14340315772005086
-0.3686352738177327,0.7087697664725164,0.09253229998212548
-0.7036377171509308,0.6575140750997868,0.1787501518879863
-1.0618288220652046,0.5563439477853648,0.22781385349973665
-0.27828687818859615,0.9167569009349226,0.14812039124267198
-0.2967763061218859,1.1314948720081146,0.16740007887771274
-0.37674910135902573,1.262247435010267,0.227139916525604
-0.38430979489013994,1.2853619600292634,0.1369745875488326
-0.42927243259262754,1.067383857785391,0.1328629159149102
-0.4526086439184437,0.8005937698627023,0.10435466241315153
-0.4290400746401424,1.0010371528571713,0.27963793098705414
-0.15464855979582226,1.1630255793016309,0.19442221387472866
0.0399517723858692,1.0075393700837822,0.25528883316033574
-0.14122075562959174,1.105439066658806,0.3764099835001822
