0.0,0.0,0.8570332527160645
0.11290563642978668,-0.06467383354902267,0.8496057987213135
0.37338563799858093,0.22124570608139038,0.6422666311264038
0.2636520564556122,0.021872222423553467,0.23716270923614502
-0.11569139361381531,0.0608367957174778,0.8635673522949219
-0.055721089243888855,0.4404434561729431,0.6743853092193604
-0.16440868377685547,0.25241851806640625,0.2632244825363159
0.029270336031913757,0.025396034121513367,1.0804402828216553
0.08981794118881226,0.12436795234680176,1.297615647315979
0.12564660608768463,0.19301146268844604,1.4149973392486572
0.08807169646024704,0.10524684190750122,1.4474374055862427
-0.09122760593891144,0.20588964223861694,1.2880501747131348
-0.14882376790046692,0.27246856689453125,0.9503932595252991
0.03390583395957947,0.28412559628486633,1.097043752670288
0.2677428424358368,0.03278458118438721,1.2770658731460571
0.34370937943458557,0.02972482517361641,0.9258837699890137
0.245756134390831,0.1678999960422516,1.0877870321273804
