0.0,0.0,0.8570332527160645
0.054293349385261536,-0.10947688668966293,0.8564789891242981
0.21824628114700317,-0.17100495100021362,0.547203779220581
0.29555410146713257,-0.273440957069397,0.19763398170471191
-0.05681589990854263,0.11264834553003311,0.8581938743591309
-0.08664865046739578,0.021995335817337036,0.47323840856552124
-0.13970991969108582,-0.08039164543151855,0.12391334772109985
-0.011162735521793365,-1.8641352653503418e-05,1.0907859802246094
-0.008956635370850563,0.010927796363830566,1.329664945602417
0.029066503047943115,0.048214733600616455,1.4950131177902222
-0.0023397980257868767,-0.025481224060058594,1.5193724632263184
-0.11930689215660095,0.12222528457641602,1.3455126285552979
-0.1973954141139984,0.1791011542081833,1.1105833053588867
-0.00250156968832016,0.2475409209728241,1.242653250694275
0.09792179614305496,-0.10062891244888306,1.2967846393585205
0.07315187156200409,-0.1696387082338333,1.0249754190444946
0.15110421180725098,0.03862091898918152,1.1456085443496704
