0.0,0.0,0.8570332527160645
0.12519295513629913,-0.06465020775794983,0.8536338210105896
0.47042593359947205,0.23929575085639954,0.8048840761184692
0.36049720644950867,0.023958802223205566,0.35800451040267944
-0.1315963864326477,0.05104609951376915,0.8607478737831116
-0.11939027905464172,0.5106422901153564,0.8385390043258667
-0.24404558539390564,0.3144785165786743,0.38848185539245605
-0.01864204928278923,-0.04411131143569946,1.0819737911224365
0.05576350539922714,0.11689493060112,1.3247164487838745
0.08732140809297562,0.172146737575531,1.5780494213104248
0.06333208084106445,0.11777031421661377,1.622249722480774
-0.15490500628948212,0.20358464121818542,1.311352252960205
-0.2103763222694397,0.26510560512542725,0.9438771605491638
0.0030422210693359375,0.31066954135894775,1.1638096570968628
0.2609085440635681,0.022789806127548218,1.2888997793197632
0.3439599871635437,0.031118841841816902,0.907968282699585
0.25299012660980225,0.2021942436695099,1.159779667854309
