0.0,0.0,0.8570332527160645
0.08765531331300735,-0.06584740430116653,0.8343161940574646
0.06477249413728714,-0.07927733659744263,0.46233290433883667
-0.022808335721492767,-0.14308488368988037,0.11457884311676025
-0.0908862054347992,0.06053607165813446,0.8798059225082397
-0.24966159462928772,0.06826269626617432,0.5295230746269226
-0.40368008613586426,0.06603258848190308,0.19726550579071045
0.05290061980485916,-0.019144028425216675,1.0797474384307861
0.11571968346834183,-0.016950219869613647,1.3060023784637451
0.1382807493209839,0.029320180416107178,1.462129831314087
0.1107339859008789,-0.03871828317642212,1.4937611818313599
-0.02144010365009308,0.05582687258720398,1.3132065534591675
-0.07880003750324249,0.15958459675312042,1.079311728477478
0.11665983498096466,0.21861913800239563,1.2165968418121338
0.2465101182460785,-0.09311380982398987,1.2700183391571045
0.36716508865356445,-0.1272432953119278,1.0299547910690308
0.3277260959148407,0.05226367712020874,1.1855686902999878
