0.0,0.0,0.8570332527160645
0.06333885341882706,-0.06881606578826904,0.8886391520500183
0.3903203308582306,-0.11648339033126831,0.9373809695243835
0.7400763630867004,-0.21770399808883667,0.9299733638763428
-0.07133212685585022,0.0731762945652008,0.8301877975463867
-0.06325826048851013,0.014542192220687866,0.44778335094451904
-0.09548918902873993,-0.06738168001174927,0.11329984664916992
-0.03603684902191162,-0.0006913244724273682,1.0775494575500488
-0.04440316930413246,0.010069608688354492,1.3030486106872559
0.0003475770354270935,0.05438262224197388,1.4710639715194702
-0.032677341252565384,-0.016153395175933838,1.4944993257522583
-0.15756657719612122,0.10792502760887146,1.317601203918457
-0.2045573890209198,0.22811715304851532,1.1016120910644531
-0.01786389946937561,0.27454325556755066,1.2564878463745117
0.06427473574876785,-0.08861330151557922,1.2630860805511475
0.05096322298049927,-0.13821806013584137,0.9981582164764404
0.11734806001186371,0.0624331533908844,1.1460258960723877
