0.0,0.0,0.8570332527160645
0.12922613322734833,-0.06574629247188568,0.8511601686477661
0.4903263747692108,0.23495221138000488,0.8380815982818604
0.37525179982185364,0.030311167240142822,0.38151007890701294
-0.13566556572914124,0.05173933878540993,0.8633502125740051
-0.13411679863929749,0.522009015083313,0.8674716949462891
-0.2532229721546173,0.3289716839790344,0.4097220003604889
-0.021389178931713104,-0.047850146889686584,1.0869474411010742
0.05351385474205017,0.11673811078071594,1.3356351852416992
0.08520961552858353,0.1722583770751953,1.5902384519577026
0.06246300786733627,0.11743158102035522,1.6375340223312378
-0.16002517938613892,0.20432469248771667,1.3217132091522217
-0.23151558637619019,0.27162858843803406,0.9448044896125793
-0.00907847285270691,0.3155983090400696,1.162137508392334
0.26188141107559204,0.022526711225509644,1.2994588613510132
0.3521783947944641,0.0238005593419075,0.9102555513381958
0.26175230741500854,0.20240746438503265,1.155629277229309
