0.0,0.0,0.8570332527160645
0.09145648777484894,-0.07521527260541916,0.8458974361419678
0.15780700743198395,-0.09320920705795288,0.4864789843559265
0.11482308804988861,-0.1605548858642578,0.15436804294586182
-0.0910457894206047,0.07725892215967178,0.8691686391830444
-0.17535056173801422,0.0730312168598175,0.5083299279212952
-0.24563917517662048,0.01641833782196045,0.17628741264343262
0.010101059451699257,-0.011263936758041382,1.075039267539978
0.04169809818267822,0.02145102620124817,1.3015854358673096
0.05934182181954384,0.06682443618774414,1.4224454164505005
0.024234231561422348,-0.013802826404571533,1.444465160369873
-0.10630357265472412,0.09685054421424866,1.2977936267852783
-0.15102094411849976,0.12963980436325073,1.0219447612762451
0.026596277952194214,0.21206089854240417,1.1259050369262695
0.18560801446437836,-0.05881968140602112,1.276004672050476
0.21831798553466797,-0.08270414173603058,0.9933717250823975
0.18211786448955536,0.10903060436248779,1.10734224319458
