0.0,0.0,0.8570332527160645
0.06605520099401474,-0.09928309917449951,0.8748795390129089
0.3982963263988495,-0.06544342637062073,0.6632554531097412
0.6017780303955078,-0.167013019323349,0.3531948924064636
-0.07494442909955978,0.09521105140447617,0.8400814533233643
-0.06478661298751831,0.010363727807998657,0.4262184500694275
-0.08975087851285934,-0.0991060733795166,0.05642586946487427
-0.0463029220700264,0.011864051222801208,1.1040462255477905
-0.07835651934146881,0.04182484745979309,1.356803059577942
-0.05003659427165985,0.08805251121520996,1.536095142364502
-0.08678822964429855,0.008636891841888428,1.5651686191558838
-0.21058788895606995,0.13918757438659668,1.3534727096557617
-0.27294471859931946,0.17309100925922394,1.0783849954605103
-0.11276277899742126,0.29369473457336426,1.2423688173294067
0.05251915380358696,-0.06261435151100159,1.344937801361084
0.0833653062582016,-0.09868472069501877,1.0628790855407715
0.10088261216878891,0.1283338963985443,1.2493129968643188
