-0.2532647312920392,0.63255523146126,0.17330688084390472
-0.1303774653424403,0.6748362513169445,0.15487173195725978
0.05868173687306417,0.4558298416513355,0.4790183951643957
0.19832490794672536,0.07448260700982849,0.28789456548448916
-0.3763560726183844,0.5888864986726513,0.17960305203120056
-0.30563790107811073,0.3092635061885104,0.4541470819743988
-0.17795113680220948,-0.07434772847608344,0.309412656697831
-0.3108427976847776,0.8377183199547621,0.2641128965566374
-0.36337958049850305,1.0352275719438444,0.371012813094603
-0.4009545197889646,1.2003159580039997,0.4061289288643919
-0.4169848136382708,1.2395664390620984,0.3271281936213153
-0.5388344970403532,0.9607886507819523,0.35797476473251444
-0.46587544053387264,0.6575278469815086,0.3818805938714076
-0.38407076959390474,0.8755558258442473,0.4704413020325432
-0.1781690753017838,1.075690545106901,0.3448953226333524
-0.035979017801022736,0.7873790061952002,0.3759975564785055
-0.2112868797715016,0.9298076068457344,0.4542411944082848
