0.0,0.0,0.8570332527160645
0.08978243917226791,-0.04269281029701233,0.8146372437477112
0.03154856711626053,-0.06570044159889221,0.4241381287574768
-0.03687730431556702,-0.13301080465316772,0.07114911079406738
-0.08528966456651688,0.03642445057630539,0.9019969701766968
-0.3368595540523529,0.2193715125322342,0.7682408094406128
-0.6272026896476746,0.34739363193511963,0.5938129425048828
0.06574614346027374,-0.04381906986236572,1.0834770202636719
0.13601449131965637,-0.05909422039985657,1.3165850639343262
0.1522948294878006,-0.01253366470336914,1.505194067955017
0.12370218336582184,-0.0810132622718811,1.5336052179336548
-0.02319248579442501,-0.034966111183166504,1.3170322179794312
-0.13505595922470093,-0.06364297866821289,1.0557856559753418
0.0237121619284153,0.1266462504863739,1.1764113903045654
0.2788199186325073,-0.10396778583526611,1.283806324005127
0.42723485827445984,-0.12119079381227493,1.0611258745193481
0.3669654428958893,0.04968544840812683,1.2298142910003662
