0.0,0.0,0.8570332527160645
0.05739564448595047,-0.07889267802238464,0.8981936573982239
0.38724374771118164,-0.09252922981977463,1.0389684438705444
0.7635942101478577,-0.19793307781219482,1.0464692115783691
-0.06749695539474487,0.07805410772562027,0.8196569681167603
-0.05811042711138725,0.0009109675884246826,0.4217389225959778
-0.09081670641899109,-0.082172691822052,0.06888461112976074
-0.06097599118947983,0.016875386238098145,1.086251139640808
-0.09802494198083878,0.04604959487915039,1.320329189300537
-0.06325463205575943,0.09180253744125366,1.4936957359313965
-0.09611767530441284,0.018581748008728027,1.521073818206787
-0.2246944010257721,0.13797977566719055,1.317051649093628
-0.28678610920906067,0.20787940919399261,1.0628269910812378
-0.11979600787162781,0.28967154026031494,1.2386198043823242
0.02573397010564804,-0.04993712902069092,1.3040746450424194
0.06208188831806183,-0.10105165839195251,1.0320210456848145
0.0879998505115509,0.11178222298622131,1.2189909219741821
