0.0,0.0,0.8570332527160645
0.07990492880344391,-0.07919006794691086,0.8470659852027893
0.10578656196594238,-0.1100025475025177,0.4770994186401367
0.0720275491476059,-0.19504666328430176,0.1421983242034912
-0.08089783042669296,0.0802786573767662,0.866475522518158
-0.14860020577907562,0.05721452832221985,0.49578315019607544
-0.23689672350883484,-0.018752753734588623,0.16346800327301025
0.003930916078388691,-0.010062173008918762,1.0880234241485596
0.019259199500083923,0.005277395248413086,1.3243712186813354
0.028988361358642578,0.048343002796173096,1.4737247228622437
-0.0031588636338710785,-0.021915733814239502,1.4987002611160278
-0.11516144871711731,0.08193433284759521,1.3255118131637573
-0.15422099828720093,0.11007079482078552,1.0718165636062622
0.007459409534931183,0.2329573929309845,1.1650187969207764
0.15368802845478058,-0.06870540976524353,1.3166284561157227
0.16471993923187256,-0.12117335200309753,1.0535823106765747
0.17803336679935455,0.10044065117835999,1.1422685384750366
