0.0,0.0,0.8570332527160645
0.1130388081073761,-0.06273763626813889,0.8512769937515259
0.3855983316898346,0.20938947796821594,0.6298136711120605
0.26201289892196655,-0.053096890449523926,0.23120343685150146
-0.11571943759918213,0.05787290260195732,0.8649695515632629
-0.08994610607624054,0.42577528953552246,0.6570272445678711
-0.23294693231582642,0.19813203811645508,0.25483185052871704
0.004385756328701973,-0.0011930018663406372,1.0743727684020996
0.04697353020310402,0.07949131727218628,1.3073142766952515
0.08046703785657883,0.14009809494018555,1.523732304573059
0.05411138758063316,0.0809478759765625,1.5627509355545044
-0.12458932399749756,0.1531367003917694,1.2926037311553955
-0.149952694773674,0.196426123380661,0.9939984083175659
0.027041681110858917,0.2519429922103882,1.1923140287399292
0.21226032078266144,-0.00445219874382019,1.275081992149353
0.26467543840408325,0.008720502257347107,0.9693841934204102
0.20451503992080688,0.16283729672431946,1.1879950761795044
