0.0,0.0,0.8570332527160645
0.0647718533873558,-0.06277628242969513,0.8917728662490845
0.3806784152984619,-0.10844408720731735,0.9592056274414062
0.7310124635696411,-0.21229691803455353,0.9703500866889954
-0.07306109368801117,0.06628607958555222,0.8270732760429382
-0.06491634249687195,0.012731790542602539,0.4473177194595337
-0.09693916887044907,-0.06849384307861328,0.11735010147094727
-0.03848809376358986,-0.0007485300302505493,1.076777696609497
-0.048282504081726074,0.013375431299209595,1.3020752668380737
-0.007420361042022705,0.05923664569854736,1.4665480852127075
-0.03588937968015671,-0.011207342147827148,1.4933221340179443
-0.16593147814273834,0.1046375036239624,1.3137421607971191
-0.21654385328292847,0.2168295532464981,1.0957536697387695
-0.03229816257953644,0.26947107911109924,1.2488857507705688
0.06527207791805267,-0.0781620442867279,1.266229510307312
0.05177962779998779,-0.1247054934501648,1.0005418062210083
0.10976620018482208,0.07882386445999146,1.1512619256973267
