0.0,0.0,0.8570332527160645
0.07950600981712341,-0.09013810753822327,0.8401269316673279
0.09231148660182953,-0.13539448380470276,0.46909794211387634
0.036783814430236816,-0.21961140632629395,0.12791156768798828
-0.07975952327251434,0.09121008217334747,0.8741455078125
-0.15806765854358673,0.050811201333999634,0.4943154752254486
-0.251967191696167,-0.018229901790618896,0.151999831199646
0.028025737032294273,-0.019331276416778564,1.083418846130371
0.07569955289363861,-0.008100330829620361,1.3188934326171875
0.12168734520673752,0.02749490737915039,1.4890071153640747
0.09756523370742798,-0.03293490409851074,1.521202802658081
-0.054199256002902985,0.08508875966072083,1.3287100791931152
-0.09027159214019775,0.15590329468250275,1.0780694484710693
0.09245701134204865,0.2232951819896698,1.2153927087783813
0.20687530934810638,-0.08784922957420349,1.2796087265014648
0.22371667623519897,-0.062473565340042114,1.0156762599945068
0.2158394157886505,0.1220083236694336,1.1872007846832275
