0.0,0.0,0.8570332527160645
0.1104700043797493,-0.022800765931606293,0.868646502494812
0.18883568048477173,-0.15172263979911804,0.5087459087371826
0.2643044590950012,-0.24728065729141235,0.16791373491287231
-0.11188352108001709,0.01789351925253868,0.845781683921814
-0.13760121166706085,-0.002571612596511841,0.47395792603492737
-0.15624885261058807,-0.12668883800506592,0.1335129737854004
-0.020707961171865463,0.009559690952301025,1.0862044095993042
-0.031425293534994125,0.04862704873085022,1.3249437808990479
-0.015959806740283966,0.09333533048629761,1.503044605255127
-0.04179847240447998,0.03553861379623413,1.5337638854980469
-0.17862249910831451,0.07971015572547913,1.2999072074890137
-0.31610190868377686,0.16779841482639313,1.089640736579895
-0.16539472341537476,0.2774464190006256,1.2258944511413574
0.11608454585075378,0.013949960470199585,1.3154687881469727
0.20882923901081085,0.07630155980587006,1.0773764848709106
0.13323503732681274,0.2626720070838928,1.2267820835113525
