0.0,0.0,0.8570332527160645
0.09628116339445114,-0.07447732239961624,0.8466154932975769
0.289692759513855,0.08550801873207092,0.5530827045440674
0.19341151416301727,-0.10950374603271484,0.16341841220855713
-0.09872803092002869,0.07231645286083221,0.8679471015930176
-0.17048335075378418,0.05343872308731079,0.5156807899475098
-0.2347298264503479,0.010572850704193115,0.16362106800079346
0.03962363302707672,0.02072077989578247,1.0634428262710571
0.09402072429656982,0.07406389713287354,1.2751469612121582
0.14037901163101196,0.11327320337295532,1.469712495803833
0.11073991656303406,0.04490077495574951,1.5035842657089233
-0.06292570382356644,0.13690754771232605,1.2698732614517212
-0.1051916778087616,0.17177581787109375,0.9917899966239929
0.07534781843423843,0.24027375876903534,1.1409939527511597
0.23408769071102142,-0.023152321577072144,1.225858211517334
0.2634158134460449,-0.018431883305311203,0.9311827421188354
0.20671473443508148,0.1397124081850052,1.1124086380004883
