-0.25930129630890036,0.6476321857690768,0.16974972390602208
-0.16327919658198847,0.6794148006765877,0.10935206384507018
0.04606878519839374,0.3599361355391432,0.1387074824743858
0.22597637566656179,0.04710112398210797,0.09037550538883882
-0.3568212705743541,0.6154954834111924,0.23224740087318718
-0.21516108375173165,0.2497586260889863,0.1839900762221698
-0.10166691186537642,-0.09508201724412715,0.09207487221056307
-0.3484592081108591,0.8488574027856199,0.14971267565399377
-0.43520615197832463,1.0598956842900047,0.15764418389653026
-0.48819108735998595,1.1979346451529873,0.19655409141927263
-0.5007882935070334,1.2300030926255,0.12070625331339888
-0.5720829239156273,0.9983348450238696,0.18965765772013693
-0.5413823214140728,0.7500740884636614,0.22119762480472005
-0.4697490942274256,0.909434255316502,0.37039115662975997
-0.29021168338224124,1.0939125190512755,0.13017469649951102
-0.15900533814117565,0.8657214103187592,0.08304598070336242
-0.25250785565750233,0.9438987014969796,0.28933807687338525
