-0.2763965722864715,0.6903294306547746,0.15967601818450972
-0.177655368285213,0.691610123805246,0.19069885224355865
-0.08027704576888695,0.30309172548938557,0.1833397164074256
0.029010949589135873,-0.03694682860509394,0.11671707309828885
-0.37123265987992793,0.6955184460118548,0.12448140200382177
-0.7001507753953418,0.5681509177819067,0.1936694427578647
-1.057689831965218,0.44203468363798515,0.23604968671972865
-0.2831944861224338,0.9073203843500843,0.12772079462018698
-0.3096402745491113,1.1276406064589721,0.12648589131948676
-0.38659208459100997,1.2706277511730155,0.1787492939203701
-0.392067847359646,1.2936137327980963,0.09504583766345717
-0.4424483276897235,1.0591859943133037,0.08358414887216575
-0.4051124877975471,0.7999969095798976,0.003153055808504057
-0.4020516389110565,0.9280679468048126,0.22241415878249124
-0.16785990651943986,1.1615925743887308,0.16162712423448533
0.038160400789027264,1.0200757485467262,0.2353249371664016
-0.1425633716558402,1.1142787352285444,0.3592192791576433
