0.0,0.0,0.8570332527160645
0.11397305130958557,-0.06812426447868347,0.8520556092262268
0.38873860239982605,0.23561140894889832,0.671649694442749
0.28063660860061646,0.01516348123550415,0.24099308252334595
-0.11900468170642853,0.06004840135574341,0.8615664839744568
-0.04034414887428284,0.4561389088630676,0.6946530342102051
-0.17490053176879883,0.24052003026008606,0.2661377191543579
0.021216940134763718,-0.0002623051404953003,1.0656569004058838
0.0969211608171463,0.12451687455177307,1.2795546054840088
0.1420295685529709,0.17159736156463623,1.5026253461837769
0.11240391433238983,0.11339914798736572,1.5426568984985352
-0.08822618424892426,0.20267832279205322,1.272456407546997
-0.12644892930984497,0.2534191310405731,0.9382791519165039
0.05855534225702286,0.29317474365234375,1.1390278339385986
0.27142611145973206,0.020674854516983032,1.2410252094268799
0.31483617424964905,0.03664926439523697,0.8999712467193604
0.23783738911151886,0.1927400529384613,1.1133346557617188
