0.0,0.0,0.8570332527160645
0.12616592645645142,-0.06461324542760849,0.84840989112854
0.4297148883342743,0.29505106806755066,0.8867055177688599
0.31852567195892334,0.1282520294189453,0.44553497433662415
-0.1297556459903717,0.056974466890096664,0.863105297088623
-0.08794587850570679,0.5196335315704346,0.8984992504119873
-0.20128831267356873,0.3395569324493408,0.47029590606689453
0.0005947845056653023,-0.04447387158870697,1.097133755683899
0.08571039140224457,0.10034364461898804,1.3491407632827759
0.12781086564064026,0.17405849695205688,1.5150744915008545
0.09132707118988037,0.08402085304260254,1.565674066543579
-0.13733161985874176,0.19820085167884827,1.3381659984588623
-0.25328582525253296,0.2949085533618927,0.9650478959083557
-0.007409811019897461,0.2967120409011841,1.1590806245803833
0.3054248094558716,-0.0029851794242858887,1.3129549026489258
0.4376813769340515,-0.01570809632539749,0.9177200794219971
0.2903629541397095,0.1571306586265564,1.1419751644134521
