0.0,0.0,0.8570332527160645
0.13169431686401367,-0.06276363134384155,0.8515406250953674
0.45701277256011963,0.2732398211956024,0.9778892993927002
0.36931321024894714,0.15652553737163544,0.5093125700950623
-0.13469350337982178,0.05601036176085472,0.8595703840255737
-0.09223690629005432,0.5205270051956177,1.0055054426193237
-0.16834557056427002,0.40170392394065857,0.536795437335968
-0.007087890990078449,-0.045356497168540955,1.1068416833877563
0.0770316869020462,0.11263853311538696,1.3714492321014404
0.11680824309587479,0.18814772367477417,1.5190328359603882
0.07168196141719818,0.08131963014602661,1.5671120882034302
-0.15573865175247192,0.20955359935760498,1.3643540143966675
-0.2909702956676483,0.3083518445491791,0.963822603225708
-0.031486496329307556,0.30825918912887573,1.154883623123169
0.30442899465560913,0.007623046636581421,1.3343298435211182
0.4482576847076416,-0.013933941721916199,0.9116843938827515
0.2871735692024231,0.1690073311328888,1.1250430345535278
