0.0,0.0,0.8570332527160645
0.08980059623718262,-0.052718888968229294,0.8264719843864441
0.04857632517814636,-0.06016811728477478,0.4467044770717621
-0.03540044277906418,-0.1231163740158081,0.0986948013305664
-0.09090234339237213,0.0468633659183979,0.8879527449607849
-0.28766512870788574,0.09771828353404999,0.5884585380554199
-0.5018192529678345,0.09776139259338379,0.2958611249923706
0.060085736215114594,-0.02882516384124756,1.08293879032135
0.12520000338554382,-0.036668628454208374,1.3121554851531982
0.1442057192325592,0.010771334171295166,1.4723267555236816
0.11334556341171265,-0.06508946418762207,1.4994417428970337
-0.019266914576292038,0.01938501000404358,1.3193154335021973
-0.09005001187324524,0.08430406451225281,1.0722131729125977
0.10076944530010223,0.19131779670715332,1.2194938659667969
0.2614622414112091,-0.09937670826911926,1.2841447591781616
0.40097105503082275,-0.13272681832313538,1.060088038444519
0.3427743911743164,0.04324159026145935,1.2187910079956055
