-0.16102563693760097,0.40217841830811074,0.22766046330519468
-0.01646107307773473,0.4621330598853339,0.221180856485311
0.14327817707613774,0.5312659183816167,0.716138041694687
0.2600649828303826,0.12174791842881819,0.397239066723346
-0.3057193206402863,0.34151469612563856,0.2200023979785851
-0.4228417686782112,0.33782975009889676,0.7170638160301848
-0.2577797173644286,-0.0635385211151085,0.4553065563441567
-0.2550059135744237,0.6053536740726566,0.204260941948524
-0.35568189493741154,0.8370647846227047,0.43942109994116757
-0.4601833374680192,1.0324992037385734,0.5254548592927971
-0.4733322909567695,1.0712763145079047,0.4170676116904377
-0.5988957933763424,0.7125217265110937,0.4142717905399509
-0.5255467872117479,0.3014211710939896,0.478798932309506
-0.41221115662216135,0.5973928798240502,0.5520936173294011
-0.09199514680678855,0.9063239296724646,0.4300816314299939
0.15057117686101543,0.5624235974688666,0.507569077895265
-0.1493126584586736,0.6868365012457726,0.566071095104544
