-0.22495868862003107,0.5618579208534991,0.18998673698618002
-0.09047208266936191,0.6103175384234244,0.18507960581636765
0.07209998821320768,0.4983630847570101,0.628326167461059
0.29164873779929523,0.13601070897135156,0.40409343142837817
-0.35822503497972025,0.5133816907089789,0.17873581901283908
-0.343966597005672,0.37471533180175526,0.6384352594942067
-0.19385530587809544,-0.03656571278419698,0.42400849074392155
-0.3137399710054383,0.7573410203225389,0.2509643233771793
-0.39659993059812254,0.9466167133890834,0.39996748511318964
-0.48780321144565464,1.1444070563993423,0.44724876023167703
-0.5057851640104252,1.183887143876351,0.3644225869628586
-0.5942485731080339,0.8417901936799467,0.35432330258542094
-0.5526327863161338,0.49318360053669563,0.39805653724824014
-0.4537082607550747,0.7439230112389219,0.46367733545417555
-0.18233285125381682,1.0078224804475124,0.38669102413504813
0.0041134543978798375,0.704380825078663,0.44809076397938363
-0.2369327729079254,0.8108547115977442,0.49755498215879046
