0.0,0.0,0.8570332527160645
0.09050730615854263,-0.050221048295497894,0.8598704934120178
0.11890684068202972,-0.11332255601882935,0.4879331588745117
0.13376767933368683,-0.19242513179779053,0.14544475078582764
-0.09234531223773956,0.048378244042396545,0.8534148931503296
-0.11466596275568008,-0.011994004249572754,0.47321873903274536
-0.16691406071186066,-0.12063723802566528,0.13826191425323486
-0.016428060829639435,-0.0002563297748565674,1.0921686887741089
-0.02497801184654236,0.026237696409225464,1.3350181579589844
-0.021839313209056854,0.07102793455123901,1.5045007467269897
-0.0505649596452713,0.010209262371063232,1.5332616567611694
-0.16625931859016418,0.08367249369621277,1.3247997760772705
-0.2138049155473709,0.10111233592033386,1.069435477256775
-0.0752875804901123,0.24031367897987366,1.2097461223602295
0.11905919760465622,-0.026249289512634277,1.3328969478607178
0.16281664371490479,-0.020424634218215942,1.0859359502792358
0.1445954591035843,0.1763264238834381,1.2438242435455322
