-0.16011454694239668,0.3999028754804205,0.22819733983819385
-0.012509286096057485,0.45762214387102146,0.2292540711286518
0.09080071325558448,0.5617479506564321,0.7224998397920799
0.23487594497033712,0.13575667113094997,0.4993612377429122
-0.3063969113573873,0.3423767842421936,0.2179312540583029
-0.46428428174007297,0.3374156848896484,0.7032112615001047
-0.3106230538568477,-0.0743073907731794,0.49526646306433963
-0.24232057296730142,0.6243661593351114,0.20845504972551676
-0.33096267670897106,0.8702031539401309,0.4322352676926052
-0.3856444389987088,1.0261611483147457,0.5230727587510906
-0.3985188531984667,1.0600911403594955,0.3874221330251644
-0.5742068479189953,0.745555695414997,0.40286934989117335
-0.550957536244758,0.3187686575136449,0.46408964296365357
-0.39925540121203146,0.6066776381042445,0.5401478382103413
-0.06821284678927239,0.9392819144291052,0.41545235191141544
0.2127745809036409,0.5973954287016817,0.4819408543223369
-0.0910709030028561,0.7321331419216686,0.5519825407269738
