0.0,0.0,0.8570332527160645
0.12729421257972717,-0.06617952883243561,0.8524268269538879
0.4726611077785492,0.25478047132492065,0.9085129499435425
0.34957680106163025,0.043153733015060425,0.4652201235294342
-0.13338997960090637,0.05382271111011505,0.8596904277801514
-0.08838334679603577,0.5219237804412842,0.9403182864189148
-0.19909337162971497,0.307198166847229,0.497916042804718
-0.015457628294825554,-0.050124168395996094,1.0965898036956787
0.06177981197834015,0.1038835346698761,1.3557164669036865
0.09560572355985641,0.1630147099494934,1.6133146286010742
0.0696449801325798,0.11008548736572266,1.6623473167419434
-0.1672654151916504,0.21193909645080566,1.3470700979232788
-0.24997767806053162,0.27219516038894653,0.9520384669303894
-0.001074954867362976,0.3058326840400696,1.151321291923523
0.2943066358566284,0.005971014499664307,1.313445806503296
0.38045182824134827,-0.00567106157541275,0.9072691202163696
0.25983208417892456,0.19335801899433136,1.1236557960510254
