0.0,0.0,0.8570332527160645
0.13089637458324432,-0.0627632662653923,0.8515271544456482
0.45683184266090393,0.2711682617664337,0.9348832964897156
0.37337765097618103,0.1423400640487671,0.4722910225391388
-0.133803591132164,0.0563269667327404,0.8594597578048706
-0.09553727507591248,0.5216466784477234,0.952110767364502
-0.17238560318946838,0.37557587027549744,0.49692708253860474
-0.005461520049721003,-0.038064807653427124,1.1040929555892944
0.08058732002973557,0.12859442830085754,1.3640530109405518
0.1247258260846138,0.2144259810447693,1.4955519437789917
0.08131647855043411,0.10834217071533203,1.546223759651184
-0.15112130343914032,0.21733412146568298,1.3528296947479248
-0.2815057933330536,0.31859567761421204,0.9536551833152771
-0.033158764243125916,0.32397758960723877,1.1474093198776245
0.3011094331741333,0.017302870750427246,1.3276854753494263
0.45069870352745056,-0.0011878274381160736,0.9132548570632935
0.28897523880004883,0.17823030054569244,1.1270250082015991
