0.0,0.0,0.8570332527160645
0.08454132825136185,-0.07972408086061478,0.8460159301757812
0.11720247566699982,-0.111207515001297,0.4772647023200989
0.07813887298107147,-0.18465042114257812,0.13916349411010742
-0.08358793705701828,0.083790123462677,0.8686447143554688
-0.15996778011322021,0.07122436165809631,0.4986749291419983
-0.24076414108276367,0.0076940059661865234,0.16062939167022705
0.004635501652956009,-0.012517198920249939,1.0842989683151245
0.022985681891441345,0.004618287086486816,1.3168094158172607
0.03734966367483139,0.05279552936553955,1.452476978302002
0.004878419451415539,-0.0189436674118042,1.4819635152816772
-0.10888630151748657,0.08592632412910461,1.3189823627471924
-0.14023329317569733,0.134507417678833,1.0621989965438843
0.026780150830745697,0.24257731437683105,1.1536321640014648
0.15893667936325073,-0.06626278162002563,1.30714750289917
0.19429877400398254,-0.08491218090057373,1.0426462888717651
0.1795390248298645,0.12668894231319427,1.125016450881958
