-0.20923676202345146,0.5225907600981043,0.1992511713314899
-0.07633885864576047,0.5754912201866792,0.18647301971314
0.08667464000887327,0.5537312546292441,0.6512258281090646
0.2503682429265446,0.128400702828906,0.4418923474401472
-0.34188347842496486,0.46938601603628116,0.19224900639188683
-0.4251429404278099,0.3659952485416303,0.6484017802823078
-0.2689571278052401,-0.06418473936515429,0.4536850431939445
-0.2838775484838389,0.721668031574501,0.2149739418966954
-0.35780618427672767,0.9265441280290192,0.4150924159645629
-0.4355344908174076,1.1439304808825144,0.4692284976966093
-0.4544905699851465,1.1825511630190497,0.3901416119646074
-0.5775305098455946,0.8185136637662227,0.38972777815482784
-0.48210281005645106,0.4573506093772841,0.4629306364116281
-0.3963727919064043,0.7395959035352323,0.5312483952857786
-0.1233739010500056,0.9902604404596177,0.3939924123943412
0.07083758759863319,0.6556308051710418,0.46447842808724915
-0.1853926169487404,0.8058676664853799,0.5270618652356327
