-0.26898957954020625,0.6718296893479477,0.16404072486167298
-0.18967711340500365,0.7205644138998814,0.10087042362373758
0.16087477528678343,0.6739521871510399,0.2339030164116379
0.5117127670688262,0.6137567576462548,0.29270205334222055
-0.3538566905685302,0.6247781666337141,0.22924467664203813
-0.1584221306483012,0.27141963724686696,0.20444183239416247
0.0011151026927909702,-0.047907192282787586,0.11760154099765072
-0.385128159982378,0.8538964213998673,0.14135199727997863
-0.48848191301442206,1.0506171168324128,0.13704418786025346
-0.5382023879381047,1.2072600904161097,0.19641010427061423
-0.5512746160330296,1.2351376913860737,0.10853142968256504
-0.6253144548546014,0.983980881319905,0.1685653693216663
-0.6851343830657987,0.7417683885607637,0.22728965578708166
-0.6284631176492987,0.9266046548117568,0.35907921811203924
-0.33596489568210036,1.0779998004850244,0.0977009710210307
-0.19901571537004903,0.8616334249697825,0.09586357860627559
-0.32050250824135795,0.9549583907736109,0.3092942658620635
