-0.2655403858854281,0.6632149664075592,0.16607322564728938
-0.17892365606173405,0.7092321755171932,0.10835820561227932
0.13975544055599226,0.5503965766156947,0.21339229427609996
0.4617512666121026,0.3803870299179103,0.1832771068036225
-0.35512480490277715,0.6187778221818667,0.22584307129235653
-0.16541543905579936,0.2747140335520356,0.193605813407917
0.00258878176017816,-0.04756534394143,0.1165495976207453
-0.3784894224133514,0.8445592908712521,0.14330436520858758
-0.48497400609223124,1.0419952147261347,0.1480612546748057
-0.5387182445525652,1.1850046830173129,0.201298968572326
-0.549527903133434,1.2139211196565667,0.115122599532057
-0.616608096157461,0.9722944051985084,0.17015046378456045
-0.6546118004734494,0.7215370968337959,0.21635699438322725
-0.5895766120740596,0.9092096703780727,0.3416051862303296
-0.3364697782776718,1.0748669441731813,0.11605132611374297
-0.1976772426975437,0.8680430938113537,0.14341230764475088
-0.3450883007046269,0.9720911294341987,0.3353068839556935
