0.0,0.0,0.8570332527160645
0.11608576029539108,-0.01223174948245287,0.8702743053436279
0.1835649311542511,-0.15264636278152466,0.5057116746902466
0.2507918179035187,-0.25089210271835327,0.16766953468322754
-0.11665504425764084,0.009563565254211426,0.8445824980735779
-0.1524176001548767,-0.013642579317092896,0.47725000977516174
-0.166975200176239,-0.13514506816864014,0.14049041271209717
-0.020724140107631683,0.00968441367149353,1.0894286632537842
-0.031146563589572906,0.05119231343269348,1.3313636779785156
-0.017372101545333862,0.09862983226776123,1.5108399391174316
-0.04248903691768646,0.04244649410247803,1.543653964996338
-0.1856178194284439,0.08175253868103027,1.3065732717514038
-0.3195945620536804,0.16743703186511993,1.089346170425415
-0.16852548718452454,0.2799817621707916,1.2258174419403076
0.1242242231965065,0.019534260034561157,1.3232197761535645
0.21114644408226013,0.08586876094341278,1.0794974565505981
0.1296098679304123,0.2699779272079468,1.229978084564209
