0.0,0.0,0.8570332527160645
0.0815790519118309,-0.07831676304340363,0.841121256351471
0.07147923856973648,-0.11795252561569214,0.46601688861846924
0.011207297444343567,-0.20568645000457764,0.12596309185028076
-0.0826365277171135,0.07832270860671997,0.872840404510498
-0.16937796771526337,0.03635844588279724,0.49648091197013855
-0.26963019371032715,-0.01944732666015625,0.15638649463653564
0.02711779810488224,-0.01999261975288391,1.085773229598999
0.07192453742027283,-0.014694631099700928,1.3230098485946655
0.11140011996030807,0.020906686782836914,1.495586633682251
0.08870310336351395,-0.039073288440704346,1.525313377380371
-0.0585491806268692,0.07171642780303955,1.3346748352050781
-0.09998349845409393,0.1408381462097168,1.0905981063842773
0.07770039886236191,0.23374691605567932,1.217490315437317
0.2052800953388214,-0.08477070927619934,1.289409875869751
0.22497084736824036,-0.04964430630207062,1.0320119857788086
0.21950188279151917,0.13556388020515442,1.1934547424316406
