-0.2588362559436392,0.6464706986785295,0.1700237574925177
-0.15298773263521695,0.6791760754715881,0.15702433417692926
0.01195609939236546,0.3305530960817519,0.13551397302080176
0.15184342772205994,-0.0032895973152927624,0.05092360201041224
-0.36498271125173265,0.6142436114285452,0.18254592597967403
-0.2714482202033238,0.23489157614417044,0.1632111359804129
-0.19619908903143135,-0.12603433596558702,0.09709454639407131
-0.3145001696985936,0.8571835720679442,0.14692861696745266
-0.37161197094823045,1.0834400453246527,0.1664838677873149
-0.4187542874406811,1.2424949649688772,0.20356586879890032
-0.43042623438652433,1.275205630183865,0.13449388269142687
-0.5188213545282714,1.023118474731716,0.17734671902278945
-0.47724480687168364,0.7809866612744246,0.2273996963033461
-0.40437109769978186,0.9251277903412791,0.3976559768512247
-0.21693744973896104,1.102435625753983,0.16975291618502006
-0.09900491339235687,0.8705613723693517,0.19417594136814392
-0.24682707270401627,0.9427833690909883,0.36806814564958257
