-0.18600848488477098,0.46457570151909655,0.21293886076217236
-0.052957091859907775,0.5201060365195203,0.20620322002025954
0.11150576558546749,0.5581146534575072,0.6603733176355412
0.264085540172355,0.13815792748266173,0.4599696700657013
-0.3182210659110349,0.4095243752631168,0.2109702598187666
-0.4468879659997856,0.34391422715356335,0.6590239145699988
-0.26822888252393007,-0.06659890346623308,0.4796790586889519
-0.26775139074000937,0.6866953854657046,0.26581487750318455
-0.3470338603227699,0.9074373045170778,0.4599768537251393
-0.38685182225457015,1.018295362392304,0.5485197410229581
-0.40366477161233155,1.0610278483633062,0.45526306179394743
-0.5748367413861799,0.7884913471996663,0.411351131557258
-0.5267329929184625,0.37045723007166875,0.47479286453747427
-0.4090934776718428,0.6460586276174857,0.5569824688671872
-0.10086466892268987,0.9760600705502718,0.41332737195764074
0.1683369968271031,0.640734517806215,0.47745129739586345
-0.12246345692442967,0.7643970413670833,0.5525552753339056
