0.0,0.0,0.8570332527160645
0.128506138920784,-0.06550450623035431,0.8520141243934631
0.47309789061546326,0.2523040771484375,0.9120786786079407
0.328811913728714,0.05420514941215515,0.47718513011932373
-0.13391903042793274,0.05525563657283783,0.8592069745063782
-0.0690564215183258,0.5209002494812012,0.9504320621490479
-0.16585904359817505,0.3226027190685272,0.5092411637306213
-0.014675432816147804,-0.035640329122543335,1.0922861099243164
0.06350115686655045,0.13479942083358765,1.3419604301452637
0.095455601811409,0.2111336588859558,1.55517578125
0.06289192289113998,0.14028042554855347,1.6097369194030762
-0.1778479516506195,0.23987534642219543,1.3268842697143555
-0.25825783610343933,0.30068284273147583,0.9232420921325684
-0.028797760605812073,0.3278629183769226,1.1240465641021729
0.30388858914375305,0.029722124338150024,1.30403470993042
0.39841485023498535,0.025585122406482697,0.8945623636245728
0.2580019235610962,0.20447352528572083,1.116189956665039
