0.0,0.0,0.8570332527160645
0.08544575423002243,-0.06211821362376213,0.8802517652511597
0.38600021600723267,-0.06169934570789337,0.666933536529541
0.6466301083564758,-0.16817215085029602,0.4214654564857483
-0.09217162430286407,0.060288503766059875,0.8360753655433655
-0.0840914323925972,-0.0003215968608856201,0.4365822672843933
-0.10081842541694641,-0.09743571281433105,0.0794515609741211
-0.038017816841602325,0.00388529896736145,1.098992943763733
-0.05772778391838074,0.0291745662689209,1.349042296409607
-0.023009151220321655,0.07064926624298096,1.5342381000518799
-0.05623064935207367,-0.002316415309906006,1.564032793045044
-0.19481298327445984,0.10596081614494324,1.3449100255966187
-0.3452194333076477,0.19445127248764038,1.13041090965271
-0.17565524578094482,0.2941034138202667,1.2768099308013916
0.06876620650291443,-0.07422986626625061,1.3224682807922363
0.10040256381034851,-0.12090834230184555,1.0515477657318115
0.1213025152683258,0.12743061780929565,1.1932392120361328
