-0.23650648405647348,0.5906997512098277,0.1831819861818311
-0.11365292876606942,0.6371723371239789,0.1746030561972341
0.10499110347577117,0.4591400493462093,0.5340424600727031
0.25577894768299053,0.09301779160639193,0.28274035704028344
-0.35980341734333354,0.5459890609443444,0.18479701517126124
-0.37127074609859456,0.27245211818417964,0.529353902811971
-0.24635027910379165,-0.10323185556060809,0.28374278518504026
-0.3191111854701101,0.7936765089729994,0.19324540788120143
-0.4023029221688256,1.0055139773395456,0.26390184195349514
-0.4747513492417973,1.190123158585474,0.3173531724576943
-0.49047990630112387,1.2306059284615722,0.23991934914709367
-0.5685809547823448,0.9118667882606953,0.2504880345633789
-0.4887569820544989,0.6311358987252691,0.27686130409645926
-0.4316353805643767,0.8436727898895926,0.41470621484956555
-0.2190887376250802,1.0525003440644065,0.25164800827911427
-0.06821896499473985,0.7942264990107722,0.2861108531810926
-0.2559662477842735,0.9374679585193172,0.40418685724720216
