-0.2550893135293085,0.637112316980148,0.17223171220977068
-0.13435744934764557,0.6760462824405733,0.1526463335415184
0.051271258327168175,0.45312600758425,0.456379172593108
0.19475525089136642,0.07289190544745469,0.27864546731217416
-0.3761132412356733,0.5970908624989425,0.18117987808335145
-0.2844975803231071,0.28528584919403,0.3390840359021409
-0.16589389592321435,-0.08330114607845802,0.2510023615637936
-0.30802628130278215,0.8445225465292121,0.24655050367810744
-0.35704818631188945,1.0452673590807786,0.3376097451347686
-0.39841611041479075,1.2048338112372021,0.37352927617678244
-0.4154849676524391,1.2462485406267845,0.29532488075891045
-0.5270855516156215,0.9750439023934452,0.32684226752794776
-0.4636759824583365,0.6849536316398015,0.3446166200201012
-0.3750064965495815,0.8970656995658842,0.445492937425902
-0.17740572678393454,1.0809323670382949,0.31406239859142615
-0.04625635751537241,0.8012379691418596,0.33590864064865383
-0.21666654933968685,0.9414608616042558,0.42978331200399367
