0.0,0.0,0.8570332527160645
0.111906498670578,-0.06620673835277557,0.8477696180343628
0.37282711267471313,0.22801031172275543,0.6484764814376831
0.2575659155845642,0.033488690853118896,0.22046226263046265
-0.1160176694393158,0.060306232422590256,0.8653771281242371
-0.026160091161727905,0.4411434531211853,0.6727808713912964
-0.14716462790966034,0.2417374551296234,0.24801909923553467
0.038283709436655045,0.027664944529533386,1.071696400642395
0.10979804396629333,0.1344147026538849,1.2754740715026855
0.15402013063430786,0.17924368381500244,1.4550169706344604
0.12627288699150085,0.11132979393005371,1.4973912239074707
-0.07019217312335968,0.20993736386299133,1.2716137170791626
-0.12738560140132904,0.2757755517959595,0.9393470287322998
0.0574212521314621,0.28248095512390137,1.118128776550293
0.28012192249298096,0.03597918152809143,1.2380998134613037
0.3358801007270813,0.06323914229869843,0.8931365609169006
0.25028231739997864,0.19074153900146484,1.114650011062622
