0.0,0.0,0.8570332527160645
0.12132787704467773,-0.04906446114182472,0.8515757918357849
0.36083441972732544,0.23038743436336517,0.6249288320541382
0.3325972259044647,-0.01479560136795044,0.20826900005340576
-0.12230391800403595,0.045721545815467834,0.8631044626235962
-0.02097371220588684,0.4028598964214325,0.6354655027389526
-0.1436873972415924,0.15641391277313232,0.22572898864746094
-0.0022115735337138176,0.00725477933883667,1.0648064613342285
0.048230648040771484,0.13179725408554077,1.279530644416809
0.06796659529209137,0.19091451168060303,1.5000355243682861
0.03746776282787323,0.1341378092765808,1.543450117111206
-0.13940638303756714,0.1750233769416809,1.2580889463424683
-0.26574137806892395,0.2224092185497284,0.9276421070098877
-0.073282390832901,0.2808624505996704,1.0983285903930664
0.21854257583618164,0.05143994092941284,1.2467069625854492
0.2961377501487732,0.05628082901239395,0.9109401702880859
0.17232590913772583,0.2231525480747223,1.1010005474090576
