-0.24533480619535472,0.6127494117586358,0.1779797350243486
-0.12297501223239886,0.6592334855263222,0.16795374081703715
0.059428873518715036,0.46316817328894355,0.5176606937733388
0.20570350273118848,0.0842673469041111,0.32654339551702777
-0.3675575405372072,0.5664925097022883,0.17927871240205046
-0.34176219879850694,0.3093539218658077,0.5080804656678379
-0.2088502809467045,-0.07775976395999736,0.3473872504154744
-0.3177811627786722,0.8172755247903106,0.24304008798153764
-0.3890558071433224,1.0226547046479222,0.36598059842892317
-0.42920257448696075,1.1341416691003314,0.42850493362264575
-0.4399343303700278,1.1622454712360395,0.3227358108612387
-0.563045847861819,0.9335996399269565,0.35152037089115623
-0.4889176710236708,0.6142082895952558,0.3939565150837052
-0.3893447320260307,0.8119425915124866,0.477256363328641
-0.20070508702278875,1.0753359369899773,0.34456162309608174
-0.015077107550287797,0.7892839833047818,0.37113695718412987
-0.19708792463493813,0.8672303355340717,0.45510313834281313
