0.0,0.0,0.8570332527160645
0.07300105690956116,-0.0811789259314537,0.8579180240631104
0.13992740213871002,-0.13481596112251282,0.4995337724685669
0.17435148358345032,-0.21445709466934204,0.15975987911224365
-0.07700083404779434,0.07782652229070663,0.8553231954574585
-0.08707981556653976,-0.004286617040634155,0.4799087643623352
-0.12947174906730652,-0.11656677722930908,0.14122188091278076
-0.023080166429281235,0.0016789883375167847,1.0872278213500977
-0.037226155400276184,0.029021769762039185,1.324461579322815
-0.030141904950141907,0.07145768404006958,1.4900652170181274
-0.06036551296710968,0.008074760437011719,1.516463041305542
-0.16863800585269928,0.09855058789253235,1.3179938793182373
-0.2286824882030487,0.10944834351539612,1.0654189586639404
-0.09825214743614197,0.24330922961235046,1.20460844039917
0.09690918773412704,-0.0351102352142334,1.3186156749725342
0.12968292832374573,-0.04543301463127136,1.070655345916748
0.12569421529769897,0.1566861867904663,1.234845757484436
