0.0,0.0,0.8570332527160645
0.11445045471191406,-0.0039605069905519485,0.8338392972946167
0.031057260930538177,-0.04343286156654358,0.42690521478652954
-0.060286372900009155,-0.12226170301437378,0.0680573582649231
-0.11270139366388321,-0.0038534272462129593,0.8808451890945435
-0.2996666431427002,0.25358420610427856,0.6486232280731201
-0.5513338446617126,0.381733775138855,0.3765822947025299
0.04777015745639801,-0.03121139109134674,1.1034411191940308
0.09717313200235367,-0.04333043098449707,1.3560752868652344
0.1001877561211586,0.008185625076293945,1.5352379083633423
0.06770458817481995,-0.06688672304153442,1.5644056797027588
-0.06981512159109116,-0.03618377447128296,1.3499239683151245
-0.15297475457191467,-0.09983363747596741,1.065329909324646
-0.014540150761604309,0.0990506112575531,1.1899689435958862
0.2592119574546814,-0.059965670108795166,1.348812460899353
0.36846140027046204,-0.0703779011964798,1.094897747039795
0.2728666067123413,0.11408430337905884,1.2429858446121216
