-0.27577908663393835,0.6887871954692061,0.16003988295972812
-0.18311760777838684,0.6906942321738776,0.21451790224614564
-0.09024583626330009,0.29654768078267085,0.2102140171263317
0.012383600214425809,-0.03925937313348825,0.13513232677222495
-0.363735354708483,0.6932555390734607,0.10215087467327905
-0.6730153386155336,0.5597766578380361,0.18763042928128834
-0.9724927805874594,0.3697026895399214,0.22349167017978622
-0.2793052364446073,0.9062770643069225,0.14708234536795486
-0.3005133335750361,1.1226582627401125,0.15343531072636898
-0.3723853960041079,1.248880544932892,0.2138769485039826
-0.3797454238062127,1.2701706386184441,0.10852941709966346
-0.4381061418451852,1.0552180533739957,0.12424609759768557
-0.45576432210946327,0.7878992771716776,0.10771538268024136
-0.4264518526296787,0.9803719597471993,0.2911457278004379
-0.15491140880570517,1.160193036449958,0.18162233978388004
0.0564346569646106,1.0177914414477602,0.2247831658519348
-0.1252106975211313,1.1106360084655893,0.35208463005386503
