0.0,0.0,0.8570332527160645
0.08171840757131577,-0.0373961515724659,0.8056114315986633
0.014986556023359299,-0.0706794261932373,0.42755240201950073
-0.043788108974695206,-0.12575197219848633,0.07926130294799805
-0.07272040843963623,0.03678426891565323,0.9134323000907898
-0.36637014150619507,0.21495449542999268,0.929551362991333
-0.6963236331939697,0.37842074036598206,0.922898530960083
0.06893164664506912,-0.05281434953212738,1.075279712677002
0.1403713822364807,-0.07179105281829834,1.3011579513549805
0.14948712289333344,-0.023198306560516357,1.4840964078903198
0.12267690896987915,-0.08835983276367188,1.509704351425171
-0.014853183180093765,-0.05144864320755005,1.2972607612609863
-0.12051674723625183,-0.09987743198871613,1.0424458980560303
0.031814370304346085,0.08570048213005066,1.1643084287643433
0.2850099503993988,-0.10915312170982361,1.2766759395599365
0.43352192640304565,-0.12240608036518097,1.064111351966858
0.363873690366745,0.0561806857585907,1.2244634628295898
