0.0,0.0,0.8570332527160645
0.1225704550743103,-0.06380924582481384,0.8525025844573975
0.4504375755786896,0.24445927143096924,0.7606191039085388
0.34286001324653625,0.017986834049224854,0.32522982358932495
-0.12843996286392212,0.05134045332670212,0.862389326095581
-0.10762608051300049,0.4989076852798462,0.7922738790512085
-0.23658272624015808,0.29572540521621704,0.3540181517601013
-0.01462747622281313,-0.038346290588378906,1.0783597230911255
0.05660683661699295,0.11331811547279358,1.3153266906738281
0.0865693986415863,0.17114472389221191,1.5601718425750732
0.06374568492174149,0.11626559495925903,1.6051362752914429
-0.1439325511455536,0.19656509160995483,1.3020789623260498
-0.18588685989379883,0.25803810358047485,0.947172999382019
0.018527232110500336,0.3002714216709137,1.1684598922729492
0.2519003450870514,0.022135108709335327,1.2821810245513916
0.3276868164539337,0.03783925250172615,0.91420578956604
0.24319425225257874,0.19989743828773499,1.1673052310943604
