0.0,0.0,0.8570332527160645
0.08600391447544098,-0.0578942596912384,0.8181394338607788
0.037194088101387024,-0.07180023193359375,0.43131500482559204
-0.036376018077135086,-0.13444358110427856,0.08004021644592285
-0.08440849184989929,0.05126054957509041,0.8980382680892944
-0.30899110436439514,0.2040560096502304,0.7058432102203369
-0.5814194083213806,0.3022700548171997,0.48747146129608154
0.05966254323720932,-0.040912047028541565,1.0810182094573975
0.12645918130874634,-0.052178025245666504,1.3118903636932373
0.14510759711265564,-0.0067237019538879395,1.4985582828521729
0.11736077815294266,-0.07325488328933716,1.5272204875946045
-0.02634986862540245,-0.01997658610343933,1.3133924007415771
-0.13587036728858948,-0.030062347650527954,1.0623222589492798
0.033351507037878036,0.1397005319595337,1.182586431503296
0.2619326114654541,-0.10503250360488892,1.2757983207702637
0.40157797932624817,-0.11929342150688171,1.0517386198043823
0.34807148575782776,0.048961788415908813,1.2203035354614258
