0.0,0.0,0.8570332527160645
0.10649540275335312,-0.029254663735628128,0.8704658150672913
0.19610020518302917,-0.1652669906616211,0.518643319606781
0.2935852110385895,-0.26719391345977783,0.18183332681655884
-0.10922512412071228,0.022356577217578888,0.8439788222312927
-0.1267942488193512,-0.0010281205177307129,0.46959149837493896
-0.14528487622737885,-0.1241382360458374,0.12870311737060547
-0.02390274778008461,0.010205283761024475,1.0875239372253418
-0.036992624402046204,0.047826528549194336,1.3275973796844482
-0.016109228134155273,0.0905308723449707,1.505722165107727
-0.04270560294389725,0.031247973442077637,1.5359501838684082
-0.1846642941236496,0.08605509996414185,1.3062117099761963
-0.32192420959472656,0.17109598219394684,1.0960056781768799
-0.17440462112426758,0.28571489453315735,1.229674220085144
0.11043919622898102,0.004798233509063721,1.3167688846588135
0.20073145627975464,0.06487944722175598,1.0767019987106323
0.1423676609992981,0.2601110637187958,1.2293140888214111
