0.0,0.0,0.8570332527160645
0.13126994669437408,-0.06680474430322647,0.8502958416938782
0.49576547741889954,0.23878662288188934,0.8838281631469727
0.36841344833374023,0.01846027374267578,0.4437713027000427
-0.13820196688175201,0.052161805331707,0.8628278970718384
-0.14027193188667297,0.5279573202133179,0.9161285161972046
-0.28028759360313416,0.3253067135810852,0.47789517045021057
-0.01880226843059063,-0.0481230765581131,1.0939583778381348
0.05541270971298218,0.10908389091491699,1.3500179052352905
0.09103161096572876,0.16791409254074097,1.6116621494293213
0.06691373884677887,0.11285758018493652,1.6609199047088623
-0.1751902997493744,0.210152268409729,1.339369773864746
-0.24465131759643555,0.2788601219654083,0.9607845544815063
-0.016577690839767456,0.31359344720840454,1.1893774271011353
0.2853732705116272,0.013638228178024292,1.3109874725341797
0.36738884449005127,0.02281375601887703,0.9125135540962219
0.2660553455352783,0.1993701159954071,1.1673610210418701
