0.0,0.0,0.8570332527160645
0.10078107565641403,-0.06869342923164368,0.8472883701324463
0.2997971773147583,0.13402891159057617,0.5674247145652771
0.18228477239608765,-0.06892657279968262,0.17835992574691772
-0.10374376177787781,0.06509674340486526,0.8669188618659973
-0.1342117339372635,0.14026449620723724,0.548710823059082
-0.2027648687362671,0.07353568077087402,0.185821533203125
0.049335867166519165,0.04073391854763031,1.0635712146759033
0.11149610579013824,0.11144164204597473,1.2656868696212769
0.15502914786338806,0.14218950271606445,1.4395815134048462
0.125951886177063,0.07408088445663452,1.4760656356811523
-0.049285516142845154,0.17491930723190308,1.2639700174331665
-0.10288630425930023,0.22384926676750183,0.9677211046218872
0.07765884697437286,0.24462468922138214,1.1314921379089355
0.25433114171028137,0.010880351066589355,1.22141695022583
0.2943405210971832,0.03044549748301506,0.9140625
0.23099647462368011,0.15526393055915833,1.1190431118011475
