0.0,0.0,0.8570332527160645
0.12120682001113892,-0.062254901975393295,0.8525938987731934
0.4355030655860901,0.24621275067329407,0.7263540625572205
0.3281634449958801,0.00846010446548462,0.3016377091407776
-0.1264038383960724,0.05086657032370567,0.8625112771987915
-0.10344401001930237,0.48906999826431274,0.762175977230072
-0.23258566856384277,0.2845722734928131,0.32874321937561035
-0.013134725391864777,-0.033114299178123474,1.0726412534713745
0.055607352405786514,0.11476820707321167,1.30357825756073
0.08819743245840073,0.1731376051902771,1.542830228805542
0.06464506685733795,0.11641663312911987,1.585796594619751
-0.13895238935947418,0.19335314631462097,1.2896605730056763
-0.17343592643737793,0.25240886211395264,0.9459620714187622
0.023206442594528198,0.2939937114715576,1.1647789478302002
0.24316394329071045,0.02525976300239563,1.2724446058273315
0.3147682249546051,0.043265923857688904,0.9145034551620483
0.23754620552062988,0.1979653239250183,1.1639776229858398
