0.0,0.0,0.8570332527160645
0.07406274974346161,-0.07992985099554062,0.8582394123077393
0.14015792310237885,-0.13347452878952026,0.49451422691345215
0.17374244332313538,-0.21566736698150635,0.15349042415618896
-0.07803816348314285,0.07671163976192474,0.8549785017967224
-0.08931982517242432,-0.003260970115661621,0.4747733473777771
-0.1338290572166443,-0.11988282203674316,0.1368952989578247
-0.02391180582344532,0.0022297948598861694,1.0905406475067139
-0.03902605548501015,0.03007352352142334,1.3311915397644043
-0.029623039066791534,0.07224303483963013,1.4978671073913574
-0.06079605221748352,0.00941246747970581,1.5268287658691406
-0.17255233228206635,0.1009669303894043,1.3255685567855835
-0.23282578587532043,0.10621969401836395,1.0695664882659912
-0.1005835235118866,0.2441173791885376,1.209747314453125
0.09639433771371841,-0.03724014759063721,1.325667381286621
0.12913483381271362,-0.047121524810791016,1.075387716293335
0.12613143026828766,0.15691977739334106,1.2426855564117432
