0.0,0.0,0.8570332527160645
0.0890640839934349,-0.029410120099782944,0.7940273880958557
0.008895356208086014,-0.0615004301071167,0.37918752431869507
-0.05826863273978233,-0.1277722716331482,0.0
-0.08165016770362854,0.02567492425441742,0.9265680909156799
-0.36117854714393616,0.2206948846578598,1.0502891540527344
-0.7007607817649841,0.4172500967979431,1.1348376274108887
0.09175393730401993,-0.052098020911216736,1.0819803476333618
0.1848692148923874,-0.07103210687637329,1.3134000301361084
0.1853065937757492,-0.008571505546569824,1.4940886497497559
0.15431351959705353,-0.08232861757278442,1.5218424797058105
0.029120510444045067,-0.039270222187042236,1.319260597229004
-0.0952480360865593,0.009400144219398499,1.0616530179977417
0.07083256542682648,0.15002688765525818,1.240581750869751
0.33208397030830383,-0.11596068739891052,1.2840845584869385
0.4203691780567169,-0.13533326983451843,1.0139963626861572
0.3768354058265686,0.06169554591178894,1.1925065517425537
