0.0,0.0,0.8570332527160645
0.13333852589130402,-0.0651029646396637,0.8520118594169617
0.49903109669685364,0.23740985989570618,0.9039373993873596
0.381436824798584,0.01739734411239624,0.4666716456413269
-0.14024969935417175,0.050355248153209686,0.860908567905426
-0.13942191004753113,0.530109703540802,0.9343489408493042
-0.26873984932899475,0.32219037413597107,0.49449867010116577
-0.020218638703227043,-0.04882146418094635,1.095067024230957
0.05394524708390236,0.1111203134059906,1.352827787399292
0.09075021743774414,0.1706019639968872,1.6186621189117432
0.06687276810407639,0.11282962560653687,1.6649525165557861
-0.18055087327957153,0.21305853128433228,1.3437050580978394
-0.25607800483703613,0.27993789315223694,0.9655010104179382
-0.01965998113155365,0.310946524143219,1.1850523948669434
0.28812259435653687,0.016499459743499756,1.3124895095825195
0.37203848361968994,0.0237235426902771,0.9053804874420166
0.27315640449523926,0.19999852776527405,1.163827657699585
