0.0,0.0,0.8570332527160645
0.1275073140859604,-0.06739576905965805,0.850063681602478
0.4809911847114563,0.24478855729103088,0.843437671661377
0.3476468324661255,0.01614445447921753,0.4051084518432617
-0.13461676239967346,0.05286812037229538,0.8631661534309387
-0.12607485055923462,0.5192521214485168,0.8934818506240845
-0.2696946859359741,0.34264835715293884,0.44309067726135254
-0.014712290838360786,-0.04879176616668701,1.0879104137420654
0.06427182257175446,0.1084490716457367,1.3383287191390991
0.09643584489822388,0.16471177339553833,1.5979750156402588
0.07340024411678314,0.11200845241546631,1.6469752788543701
-0.16465376317501068,0.20708078145980835,1.3266258239746094
-0.22728905081748962,0.280028760433197,0.9564143419265747
-0.0031380057334899902,0.3094664514064789,1.1968103647232056
0.28990575671195984,0.009284645318984985,1.2979100942611694
0.36665165424346924,0.018070703372359276,0.9098256826400757
0.2643083333969116,0.19408167898654938,1.1590423583984375
