0.0,0.0,0.8570332527160645
0.05665525794029236,-0.10581024736166,0.8662835359573364
0.38406237959861755,-0.07212136685848236,0.6763731241226196
0.64369136095047,-0.1411454677581787,0.4142009913921356
-0.0614253431558609,0.11066775768995285,0.8497118949890137
-0.0703471451997757,0.02525019645690918,0.4492931663990021
-0.10687381029129028,-0.07241517305374146,0.09099471569061279
-0.018246635794639587,0.001280456781387329,1.094977855682373
-0.01858578622341156,0.00787341594696045,1.337593674659729
0.02848534844815731,0.04700767993927002,1.5063217878341675
-0.006452217698097229,-0.029751181602478027,1.5340385437011719
-0.12943802773952484,0.12258431315422058,1.354150652885437
-0.20033615827560425,0.20975151658058167,1.118120789527893
0.006792090833187103,0.2712612450122833,1.270264983177185
0.08731506019830704,-0.11068522930145264,1.2984845638275146
0.06239260733127594,-0.16215357184410095,1.0165363550186157
0.14430540800094604,0.03983202576637268,1.1511540412902832
