0.0,0.0,0.8570332527160645
0.08561431616544724,-0.03442620113492012,0.8089213371276855
0.013528574258089066,-0.06209832429885864,0.425510972738266
-0.05774753540754318,-0.12172269821166992,0.07961416244506836
-0.07580098509788513,0.034551799297332764,0.9101917147636414
-0.372872531414032,0.22175398468971252,0.9182360768318176
-0.7099747061729431,0.3998861312866211,0.9010667204856873
0.05900260806083679,-0.04997934401035309,1.0811388492584229
0.11928398907184601,-0.06431087851524353,1.3129305839538574
0.12119559198617935,-0.012201905250549316,1.491539716720581
0.09101294726133347,-0.08064854145050049,1.5173354148864746
-0.03501620888710022,-0.05303344130516052,1.3014377355575562
-0.12638354301452637,-0.0885801911354065,1.0394620895385742
0.014928795397281647,0.09259793162345886,1.1970946788787842
0.26535069942474365,-0.0935724675655365,1.2986708879470825
0.42397621273994446,-0.08232343196868896,1.0885567665100098
0.3207957446575165,0.0846116840839386,1.2362785339355469
