0.0,0.0,0.8205623626708984
0.04880760610103607,-0.11189952492713928,0.8189927339553833
-0.050511620938777924,-0.20468610525131226,0.42180681228637695
-0.20533837378025055,-0.4043516516685486,0.03772246837615967
-0.05007639527320862,0.10642659664154053,0.8236806988716125
0.005480634979903698,0.07272163033485413,0.46387362480163574
-0.14855311810970306,-0.06128329038619995,0.08761680126190186
-0.06176251918077469,-0.06598551571369171,1.0217523574829102
-0.12757816910743713,-0.19104063510894775,1.2403669357299805
-0.08353929221630096,-0.1289680004119873,1.381890058517456
-0.1537037044763565,-0.2737073600292206,1.3849923610687256
-0.22542402148246765,-0.062174052000045776,1.2692586183547974
-0.3929350972175598,-0.03648880124092102,1.0736157894134521
-0.1624082773923874,0.10692296922206879,0.9884095788002014
-0.004744440317153931,-0.23418369889259338,1.1835441589355469
-0.02896137535572052,-0.3037377893924713,0.9430930614471436
0.045003585517406464,-0.13644999265670776,0.8570048809051514
