0.0,0.0,0.8205623626708984
0.04531453549861908,-0.10781136155128479,0.811350405216217
0.19405409693717957,0.08548115193843842,0.5391210317611694
0.016646787524223328,-0.034181058406829834,0.12565362453460693
-0.046198710799217224,0.10984977334737778,0.8309513330459595
-0.003969945013523102,0.10687321424484253,0.46445026993751526
-0.009693335741758347,-0.030230700969696045,0.10636568069458008
0.006929925177246332,-0.013327926397323608,1.045541524887085
0.01696455106139183,-0.035877108573913574,1.2994017601013184
0.08322915434837341,0.019875645637512207,1.4107513427734375
0.03152326121926308,-0.09167367219924927,1.4322901964187622
-0.09406052529811859,0.0538652241230011,1.2712087631225586
-0.15869100391864777,0.06078733503818512,1.0618727207183838
-0.053197458386421204,0.2675771713256836,0.976828932762146
0.11974373459815979,-0.12278619408607483,1.2782083749771118
0.11151991784572601,-0.3369623124599457,1.2039709091186523
0.2536868155002594,-0.13514497876167297,1.26392662525177
