0.0,0.0,0.8205623626708984
0.02954300493001938,-0.1228892132639885,0.8031360507011414
0.16246692836284637,-0.21737521886825562,0.4809936285018921
0.21042245626449585,-0.34107816219329834,0.07997232675552368
-0.028744645416736603,0.1221148669719696,0.8396831750869751
-0.010515972971916199,0.2345268428325653,0.5041096210479736
-0.14127622544765472,0.14382922649383545,0.12612062692642212
-0.001939745619893074,0.00047534704208374023,1.0540964603424072
0.02265823632478714,0.0381128191947937,1.3168439865112305
0.09510136395692825,0.049426496028900146,1.462444543838501
0.08528740704059601,0.0420987606048584,1.5063692331314087
-0.05216091871261597,0.14688655734062195,1.267871618270874
0.11303497850894928,0.36910581588745117,1.1043846607208252
0.27022475004196167,0.46099287271499634,1.0913636684417725
0.07367707043886185,-0.10936176776885986,1.3017263412475586
0.06121145188808441,-0.28288450837135315,1.0675685405731201
0.24221166968345642,-0.07368913292884827,1.0057721138000488
