0.0,0.0,0.8205623626708984
0.06964587420225143,-0.07497211545705795,0.8161952495574951
0.09976544976234436,-0.07851913571357727,0.48985645174980164
-0.07032846659421921,-0.17588156461715698,0.11691570281982422
-0.08163326233625412,0.04560669884085655,0.8214707374572754
-0.10308916121721268,-0.02621200680732727,0.4427720308303833
-0.0780133455991745,-0.22981929779052734,0.10717862844467163
-0.0010698414407670498,-0.0005641132593154907,1.0459256172180176
-0.011650707572698593,-0.03470006585121155,1.2962452173233032
0.046496786177158356,0.02980118989944458,1.4288513660430908
-0.009589685127139091,-0.0966944694519043,1.4436368942260742
-0.13777686655521393,0.05108344554901123,1.253085970878601
-0.2250036895275116,0.18658149242401123,1.0943831205368042
0.012364253401756287,0.3675394356250763,1.0846918821334839
0.13736902177333832,-0.06945818662643433,1.2951459884643555
0.22079506516456604,-0.2583794593811035,1.1124075651168823
0.2068958282470703,-0.02914823591709137,0.9888069033622742
