0.0,0.0,0.8205623626708984
0.023362256586551666,-0.12466587126255035,0.8050649166107178
0.07700511813163757,-0.2843761146068573,0.4692809283733368
0.038270339369773865,-0.4499443769454956,0.050894856452941895
-0.020379647612571716,0.12608864903450012,0.8373512625694275
-0.005376208573579788,0.056422799825668335,0.46474477648735046
-0.2084241807460785,-0.06664770841598511,0.10709011554718018
-0.024397574365139008,-0.021456211805343628,1.0543286800384521
-0.021281294524669647,-0.011554747819900513,1.3250517845153809
0.07467947155237198,0.04232156276702881,1.418865442276001
0.052422985434532166,0.0033074021339416504,1.4588048458099365
-0.10997852683067322,0.093293696641922,1.3021454811096191
-0.17179274559020996,0.32819029688835144,1.269803524017334
-0.05562838912010193,0.210076242685318,1.1135894060134888
0.04888556897640228,-0.13595634698867798,1.3061091899871826
0.16264969110488892,-0.3493759036064148,1.199090600013733
0.22370578348636627,-0.10265067219734192,1.0755269527435303
