0.0,0.0,0.8205623626708984
0.04127190262079239,-0.116013303399086,0.7925534844398499
0.39676809310913086,0.11834526062011719,0.5820457935333252
0.3711405098438263,0.1541880965232849,0.17270112037658691
-0.04537246376276016,0.11341983824968338,0.8508758544921875
0.0933569073677063,0.31866759061813354,0.5479391813278198
0.04856958985328674,0.2132778763771057,0.1984020471572876
0.039595454931259155,-0.02820734679698944,1.0540586709976196
0.09118955582380295,-0.024891525506973267,1.3158555030822754
0.13850773870944977,0.007704019546508789,1.4553003311157227
0.08791707456111908,-0.08912664651870728,1.475545048713684
-0.029489167034626007,0.08222931623458862,1.2839239835739136
-0.11272633075714111,0.3713856637477875,1.2403308153152466
-0.0008006542921066284,0.4731617569923401,1.4475383758544922
0.2210533767938614,-0.11249181628227234,1.3036105632781982
0.44996026158332825,-0.08915212750434875,1.3080651760101318
0.5134159326553345,0.07425457239151001,1.5170464515686035
