0.0,0.0,0.8205623626708984
-0.07728254795074463,-0.11560194194316864,0.793257474899292
-0.09760643541812897,-0.2805435061454773,0.4263876676559448
-0.27834805846214294,-0.4743295907974243,0.02380955219268799
0.07888565957546234,0.11498904228210449,0.8471779823303223
0.29022541642189026,-0.033870160579681396,0.596644401550293
0.48972010612487793,0.0014004707336425781,0.27702367305755615
-0.03853544220328331,-0.01658955216407776,1.049027681350708
-0.050885140895843506,-0.02494141459465027,1.3103411197662354
0.01960546150803566,-0.0825965404510498,1.4140956401824951
0.0419924333691597,-0.008951842784881592,1.4710739850997925
0.03458699956536293,0.08714935183525085,1.3162367343902588
0.15245281159877777,0.27340155839920044,1.1273409128189087
0.1865178644657135,0.10787037014961243,0.9428399801254272
-0.15051382780075073,-0.11790770292282104,1.2666049003601074
-0.23234139382839203,-0.19216296076774597,1.0041025876998901
-0.3178650438785553,-0.2983180284500122,0.7859108448028564
