0.0,0.0,0.8205623626708984
0.04808385670185089,-0.084324412047863,0.8073877096176147
0.14097937941551208,-0.1922917664051056,0.46879690885543823
0.25261223316192627,-0.32830530405044556,0.10471785068511963
-0.05862913280725479,0.06568153202533722,0.832209587097168
-0.11024562269449234,-0.014505058526992798,0.46067237854003906
-0.2772487998008728,-0.20235639810562134,0.061962902545928955
-0.0012901636073365808,-0.021175116300582886,1.053745150566101
0.007433779537677765,-0.04079023003578186,1.3173916339874268
0.060953982174396515,-0.022683262825012207,1.4612705707550049
0.037416134029626846,-0.06831526756286621,1.4951084852218628
-0.07988902181386948,0.05683302879333496,1.2780004739761353
0.07875426113605499,0.3017512559890747,1.123701810836792
-0.007153838872909546,0.30184412002563477,1.272951364517212
0.09498686343431473,-0.12321743369102478,1.3009202480316162
0.08131343126296997,-0.3436588644981384,1.095613956451416
0.2852252721786499,-0.05466178059577942,1.141474962234497
