0.0,0.0,0.8205623626708984
0.08014368265867233,-0.04759380593895912,0.8212612271308899
-0.02326805517077446,-0.13976606726646423,0.44220370054244995
-0.14149703085422516,-0.30606722831726074,0.07364493608474731
-0.0898130014538765,0.013834387063980103,0.8161380290985107
-0.10110096633434296,-0.07173526287078857,0.44300705194473267
-0.17668379843235016,-0.2570883631706238,0.05516171455383301
-0.024990107864141464,-0.014988034963607788,1.0292490720748901
-0.06699106097221375,-0.099315345287323,1.2576760053634644
-0.0017633303068578243,-0.02708566188812256,1.3965768814086914
-0.06065858155488968,-0.15508532524108887,1.4087841510772705
-0.1832173615694046,0.003750145435333252,1.232826590538025
-0.27455374598503113,0.17027945816516876,1.0778160095214844
-0.03719016909599304,0.2658568024635315,1.041449785232544
0.08500713109970093,-0.11499655246734619,1.2417688369750977
0.23025250434875488,-0.18433111906051636,1.1033021211624146
0.2017127424478531,0.08770109713077545,1.0563040971755981
