0.0,0.0,0.8205623626708984
0.02247973531484604,-0.12342491000890732,0.8028814792633057
0.10977813601493835,-0.18643540143966675,0.5042709708213806
0.007892012596130371,-0.30152183771133423,0.09817230701446533
-0.020813561975955963,0.12365561723709106,0.8401046991348267
0.04921144247055054,0.20953555405139923,0.5171676278114319
-0.1285681277513504,0.13932299613952637,0.1697569489479065
-0.011661862954497337,-0.033258602023124695,1.0414209365844727
-0.012875432148575783,-0.06948760151863098,1.2904102802276611
0.046152956783771515,-0.034653544425964355,1.4159183502197266
0.005515962839126587,-0.11779212951660156,1.437195062637329
-0.09541532397270203,0.056335508823394775,1.2728760242462158
-0.12798762321472168,0.31332358717918396,1.1491657495498657
0.09887146204710007,0.40288764238357544,1.1292192935943604
0.07720182836055756,-0.15485739707946777,1.26125168800354
0.08767855167388916,-0.32964470982551575,1.0682404041290283
0.20260098576545715,-0.05696713924407959,1.1369991302490234
