0.0,0.0,0.8205623626708984
0.07748663425445557,-0.04934346675872803,0.8205164074897766
-0.020662732422351837,-0.13701403141021729,0.4481096565723419
-0.13451778888702393,-0.3002927899360657,0.08270919322967529
-0.08703802525997162,0.016691815108060837,0.8169018626213074
-0.09572519361972809,-0.06308603286743164,0.4526557922363281
-0.16953147947788239,-0.2445586919784546,0.06816995143890381
-0.021129321306943893,-0.011919274926185608,1.025671362876892
-0.06120619177818298,-0.09725525975227356,1.2504303455352783
0.004211660474538803,-0.022344768047332764,1.3890719413757324
-0.054406628012657166,-0.14979717135429382,1.4015328884124756
-0.17574790120124817,0.006393074989318848,1.2243949174880981
-0.264914870262146,0.17781171202659607,1.0773872137069702
-0.03178413212299347,0.27539417147636414,1.0405693054199219
0.09021106362342834,-0.1111096739768982,1.2347533702850342
0.23576688766479492,-0.16852699220180511,1.098357081413269
0.20925132930278778,0.1027093231678009,1.053497314453125
