0.0,0.0,0.8205623626708984
0.06550928205251694,-0.08669163286685944,0.8129588961601257
0.30012068152427673,0.20316082239151,0.5727420449256897
0.20248104631900787,0.11064666509628296,0.1533406376838684
-0.07289909571409225,0.07736605405807495,0.8287384510040283
-0.12610337138175964,-0.07291099429130554,0.4175006151199341
-0.14478185772895813,-0.24809575080871582,0.06637603044509888
0.005024633836001158,-0.021140247583389282,1.0373680591583252
-0.0013884976506233215,-0.08342945575714111,1.2744313478469849
-0.0067007895559072495,-0.0024229884147644043,1.4139841794967651
-0.06950830668210983,-0.1345495879650116,1.424293875694275
-0.12148770689964294,-0.015867531299591064,1.2657595872879028
-0.2965428829193115,-0.08177672326564789,1.0795872211456299
-0.15552359819412231,0.04934133589267731,0.9237715005874634
0.14275598526000977,-0.10159695148468018,1.232484221458435
0.10718952119350433,-0.19530826807022095,0.9799524545669556
0.16470082104206085,-0.06730774790048599,0.8265265226364136
