0.0,0.0,0.8205623626708984
0.07593148201704025,-0.055945832282304764,0.8196769952774048
-0.025215182453393936,-0.14951977133750916,0.4380059242248535
-0.14709390699863434,-0.3179869055747986,0.0686107873916626
-0.08522854745388031,0.024935217574238777,0.8180515170097351
-0.09228537976741791,-0.05791407823562622,0.44579997658729553
-0.16577233374118805,-0.23877084255218506,0.05865657329559326
-0.022367188706994057,-0.014100074768066406,1.0284595489501953
-0.06176344305276871,-0.09523937106132507,1.2564795017242432
0.003287038765847683,-0.021331965923309326,1.395105004310608
-0.054955460131168365,-0.14786559343338013,1.4077460765838623
-0.1772594004869461,0.006350308656692505,1.2292993068695068
-0.27355900406837463,0.16791121661663055,1.0746588706970215
-0.037797197699546814,0.25921279191970825,1.0345056056976318
0.08762745559215546,-0.11452043056488037,1.241758108139038
0.22760474681854248,-0.1947382688522339,1.0987868309020996
0.1981724500656128,0.0742952972650528,1.0479955673217773
