0.0,0.0,0.8205623626708984
0.10630079358816147,0.011301741003990173,0.8406020402908325
0.1482119858264923,0.09689587354660034,0.5003193616867065
0.11313168704509735,0.008633196353912354,0.1204192042350769
-0.11087547242641449,-0.030689982697367668,0.7988098859786987
-0.11795099079608917,-0.11004722118377686,0.39475196599960327
-0.16220666468143463,-0.3289496898651123,0.057697296142578125
-0.009417584165930748,-0.015938669443130493,1.0376967191696167
-0.01084560714662075,-0.038995832204818726,1.2863891124725342
-0.014718268066644669,0.03321802616119385,1.4225999116897583
-0.06267659366130829,-0.07356089353561401,1.4368741512298584
-0.1453399956226349,-0.046571314334869385,1.2556781768798828
-0.31247127056121826,-0.1489814817905426,1.0529916286468506
-0.19246870279312134,0.030427739024162292,0.9144723415374756
0.12531818449497223,-0.0366283655166626,1.2589892148971558
0.23627954721450806,-0.02236950397491455,1.0339564085006714
0.21782447397708893,0.2142234891653061,1.0447897911071777
