0.0,0.0,0.8205623626708984
0.11858847737312317,0.07148921489715576,0.8432520031929016
0.11275818943977356,0.20330439507961273,0.506600022315979
0.14655950665473938,0.13185328245162964,0.11981314420700073
-0.1145944595336914,-0.08077406883239746,0.7990569472312927
-0.15472781658172607,-0.20482054352760315,0.4175513982772827
-0.19677898287773132,-0.44712191820144653,0.03937554359436035
-0.0283589456230402,-0.008784249424934387,1.048354148864746
-0.058475129306316376,-0.032362908124923706,1.3050025701522827
-0.08276449888944626,0.030759096145629883,1.4424530267715454
-0.11935926228761673,-0.07490360736846924,1.463310956954956
-0.20331718027591705,-0.04412844777107239,1.2543065547943115
-0.27089375257492065,-0.1572992205619812,1.0090422630310059
-0.11415137350559235,0.0872049480676651,0.994342565536499
0.10408885031938553,-0.003888368606567383,1.3026896715164185
0.26185470819473267,-0.023730307817459106,1.1567038297653198
0.18015211820602417,0.13902848958969116,1.0454881191253662
