0.0,0.0,0.8205623626708984
0.1054399311542511,-0.007501032203435898,0.83664870262146
0.09293340146541595,-0.0015534162521362305,0.4566476345062256
0.028231263160705566,-0.1053968071937561,0.05822950601577759
-0.11131992936134338,-0.02472284436225891,0.8006572723388672
-0.12552757561206818,-0.1092120110988617,0.3929445743560791
-0.18885046243667603,-0.33524203300476074,0.02584177255630493
-0.03870876133441925,-0.014579087495803833,1.0427067279815674
-0.07447578758001328,-0.06309348344802856,1.291064739227295
-0.032147038727998734,0.00603330135345459,1.416547417640686
-0.10118760168552399,-0.14573395252227783,1.429503321647644
-0.19801293313503265,0.0017406344413757324,1.2886375188827515
-0.3916260600090027,-0.09676666557788849,1.0772541761398315
-0.1928933560848236,0.057620570063591,0.9613097906112671
0.06539419293403625,-0.08596521615982056,1.2532784938812256
0.08815614879131317,-0.1574907898902893,1.0409005880355835
0.1623142659664154,0.10944050550460815,1.0517210960388184
