0.0,0.0,0.8205623626708984
0.03580956161022186,-0.11938126385211945,0.816638171672821
0.002299197018146515,-0.2561778128147125,0.47014808654785156
-0.16804571449756622,-0.4415186047554016,0.09568572044372559
-0.03274432569742203,0.11739036440849304,0.8258154392242432
0.2517038881778717,0.4034877419471741,0.6572991013526917
0.049790769815444946,0.37369224429130554,0.33357346057891846
-0.08339087665081024,-0.0791826844215393,1.0148149728775024
-0.16262313723564148,-0.17696461081504822,1.2380974292755127
-0.10144561529159546,-0.1718561351299286,1.365904688835144
-0.158208429813385,-0.28214070200920105,1.3754351139068604
-0.23146609961986542,-0.020682305097579956,1.2359178066253662
-0.16898879408836365,0.2439439296722412,1.3593549728393555
-0.1680617332458496,0.0834537148475647,1.4848389625549316
-0.05443992838263512,-0.23623228073120117,1.2131966352462769
0.14809462428092957,-0.19071298837661743,1.2314610481262207
0.08492574095726013,-0.1734258532524109,1.4144868850708008
