0.0,0.0,0.8205623626708984
0.08373627066612244,-0.0486023873090744,0.8142034411430359
-0.02149004489183426,-0.16248446702957153,0.4147196114063263
-0.09873844683170319,-0.3516775965690613,0.05508631467819214
-0.09909705072641373,0.00892597809433937,0.8231692314147949
-0.11360582709312439,-0.08688384294509888,0.443272203207016
-0.20266833901405334,-0.2992234230041504,0.061503827571868896
0.0051688458770513535,-0.010127440094947815,1.0437092781066895
0.0005003334954380989,-0.05386415123939514,1.2903523445129395
0.02869129553437233,0.0009217262268066406,1.4421513080596924
-0.01918473094701767,-0.1038210391998291,1.4590075016021729
-0.14031346142292023,0.008652031421661377,1.2545695304870605
-0.2142309546470642,0.24368590116500854,1.124173641204834
0.0274135023355484,0.3693987727165222,1.1259138584136963
0.16119036078453064,-0.07016533613204956,1.274368166923523
0.15700942277908325,-0.17944401502609253,1.0126137733459473
0.2486528605222702,0.02717866748571396,0.85103440284729
