0.0,0.0,0.8205623626708984
0.09202039986848831,-0.03253503516316414,0.8184524178504944
-0.007780652493238449,-0.10090124607086182,0.4223695993423462
-0.08956703543663025,-0.27770811319351196,0.06211245059967041
-0.10412802547216415,-0.005695866420865059,0.819157063961029
-0.12675771117210388,-0.11232581734657288,0.4349174499511719
-0.22186905145645142,-0.32909440994262695,0.052194178104400635
-0.006163200829178095,-0.011101201176643372,1.0412070751190186
-0.025909747928380966,-0.07213696837425232,1.283094882965088
0.010920755565166473,-0.008812785148620605,1.4434095621109009
-0.03770611435174942,-0.11725568771362305,1.4559378623962402
-0.1632697731256485,0.002470731735229492,1.25021231174469
-0.2332858443260193,0.24165377020835876,1.1276021003723145
0.010373450815677643,0.3409470319747925,1.107028841972351
0.13466639816761017,-0.0914311408996582,1.2640368938446045
0.09470023214817047,-0.24080616235733032,1.0224382877349854
0.19483643770217896,0.028873197734355927,0.9466909170150757
