0.0,0.0,0.8205623626708984
0.0902092382311821,-0.030314192175865173,0.8182556629180908
0.24512459337711334,0.1011715680360794,0.4947965443134308
0.34886932373046875,0.03659522533416748,0.13522344827651978
-0.10115285217761993,0.00879100151360035,0.8215588927268982
-0.13939125835895538,0.006224721670150757,0.45347860455513
-0.25301483273506165,-0.17031216621398926,0.06692582368850708
0.01333678513765335,-0.047387391328811646,1.032936692237854
-0.0020589418709278107,-0.1683918833732605,1.258178472518921
0.05176730453968048,-0.10578641295433044,1.3842569589614868
-0.011466972529888153,-0.245886892080307,1.3942487239837646
-0.11224690079689026,-0.04354056715965271,1.235741138458252
-0.14700420200824738,0.24627912044525146,1.1398264169692993
0.06391077488660812,0.36585375666618347,1.2705767154693604
0.17421706020832062,-0.1410042643547058,1.2564319372177124
0.45773807168006897,0.0023480653762817383,1.222484827041626
0.3549898862838745,0.21160486340522766,1.2987385988235474
