0.0,0.0,0.8205623626708984
0.0711403638124466,-0.06830260157585144,0.8138489127159119
-0.03239469230175018,-0.1787424385547638,0.4145623445510864
-0.15141762793064117,-0.36156022548675537,0.03030538558959961
-0.08525565266609192,0.03442758321762085,0.8236251473426819
-0.10620782524347305,-0.062206774950027466,0.43261241912841797
-0.20119868218898773,-0.24799948930740356,0.041359901428222656
0.00016011495608836412,-0.008933618664741516,1.0410051345825195
-0.018574653193354607,-0.07228079438209534,1.281931757926941
0.008349614217877388,0.005921304225921631,1.4328792095184326
-0.04804722219705582,-0.11402380466461182,1.4467766284942627
-0.15254148840904236,0.002682209014892578,1.2507314682006836
-0.2890619933605194,0.10793337225914001,1.105784296989441
-0.04159916937351227,0.2567545175552368,1.0690875053405762
0.14095273613929749,-0.09183427691459656,1.2642459869384766
0.22824999690055847,-0.2823939323425293,1.099325180053711
0.23851251602172852,-0.04661606252193451,0.9864726066589355
