0.0,0.0,0.8205623626708984
0.10231397300958633,-0.01047624833881855,0.8287347555160522
0.22212396562099457,0.065941721200943,0.4841839671134949
0.2951641380786896,-0.03487098217010498,0.12380057573318481
-0.10904990136623383,-0.008984871208667755,0.8120399713516235
-0.14592653512954712,-0.02514570951461792,0.4391774535179138
-0.23475158214569092,-0.2036800980567932,0.06769251823425293
-0.01428008358925581,-0.04339046776294708,1.036077857017517
-0.04318859428167343,-0.15741270780563354,1.2647614479064941
0.013828784227371216,-0.1015169620513916,1.3963429927825928
-0.04406632483005524,-0.2336481511592865,1.4068772792816162
-0.15653517842292786,-0.042983293533325195,1.2604775428771973
-0.22041580080986023,0.23114845156669617,1.1922659873962402
0.015056759119033813,0.3712458610534668,1.2766659259796143
0.11730356514453888,-0.14440149068832397,1.2368803024291992
0.32797732949256897,-0.008339226245880127,1.0918481349945068
0.3755764365196228,0.1275341510772705,1.292878270149231
