0.0,0.0,0.8205623626708984
0.09754575043916702,-0.021147500723600388,0.8268880248069763
0.214638352394104,0.029848545789718628,0.470951110124588
0.2746642827987671,-0.09063011407852173,0.1018335223197937
-0.10661915689706802,-0.0010430094553157687,0.8136413097381592
-0.1517540067434311,-0.04447987675666809,0.4259048104286194
-0.24211485683918,-0.22575169801712036,0.05027884244918823
-0.011262617073953152,-0.04139573872089386,1.0362063646316528
-0.03719998151063919,-0.15388217568397522,1.2644726037979126
0.019939269870519638,-0.09344077110290527,1.4016081094741821
-0.03759121522307396,-0.22516143321990967,1.4123375415802002
-0.15561994910240173,-0.04716324806213379,1.260942816734314
-0.25177088379859924,0.1429537832736969,1.151654839515686
-0.01947273313999176,0.3624503016471863,1.1938749551773071
0.12489183247089386,-0.14029186964035034,1.233328104019165
0.3542479872703552,0.03329220414161682,1.1103554964065552
0.39820370078086853,0.13958701491355896,1.3154667615890503
