0.0,0.0,0.8205623626708984
0.07367934286594391,-0.06069496273994446,0.8179147243499756
-0.029123354703187943,-0.15830907225608826,0.43512821197509766
-0.1578003168106079,-0.3284991979598999,0.05800211429595947
-0.08349666744470596,0.029884006828069687,0.8198403120040894
-0.10081996768712997,-0.06352594494819641,0.44285234808921814
-0.1835612952709198,-0.23906689882278442,0.05129539966583252
-0.022620197385549545,-0.018494054675102234,1.0311148166656494
-0.06149920076131821,-0.10295501351356506,1.2614021301269531
-0.0046646976843476295,-0.028299391269683838,1.4052650928497314
-0.06287354230880737,-0.15512531995773315,1.4188565015792847
-0.1803029477596283,-0.0032671988010406494,1.2399787902832031
-0.29376402497291565,0.12298107147216797,1.0862421989440918
-0.054645612835884094,0.23408126831054688,1.034359097480774
0.09106053411960602,-0.11991572380065918,1.239997386932373
0.2430063784122467,-0.1754303276538849,1.1017401218414307
0.20459464192390442,0.08748482167720795,1.052504539489746
