0.0,0.0,0.8205623626708984
0.11730214208364487,0.07723576575517654,0.8444127440452576
0.10900114476680756,0.23188886046409607,0.5179793834686279
0.14973127841949463,0.1694827675819397,0.13528800010681152
-0.11275564134120941,-0.08582090586423874,0.7978760004043579
-0.16264022886753082,-0.20515167713165283,0.4159660041332245
-0.20174284279346466,-0.45395731925964355,0.04758530855178833
-0.030890587717294693,-0.005862593650817871,1.0503039360046387
-0.061056122183799744,-0.02000567317008972,1.3115310668945312
-0.10368311405181885,0.04662877321243286,1.4453824758529663
-0.13179923593997955,-0.05472517013549805,1.4717199802398682
-0.20353840291500092,-0.055390387773513794,1.260502815246582
-0.28521090745925903,-0.20664562284946442,1.044533610343933
-0.10943110287189484,-0.0003030449151992798,0.9984592199325562
0.09741847217082977,0.023671746253967285,1.3065202236175537
0.25797396898269653,0.056456029415130615,1.1570789813995361
0.16894370317459106,0.19137275218963623,1.0369974374771118
