0.0,0.0,0.8205623626708984
0.03516431897878647,-0.12032818049192429,0.813586950302124
0.0988808125257492,-0.1425679326057434,0.4788863956928253
-0.03446254879236221,-0.2611073851585388,0.08136838674545288
-0.029700689017772675,0.12160227447748184,0.8293111324310303
0.15163978934288025,0.3404315710067749,0.5367131233215332
-0.08914236724376678,0.24766886234283447,0.21546590328216553
-0.05414425581693649,-0.04672496020793915,1.0318236351013184
-0.10404503345489502,-0.10684722661972046,1.2713747024536133
-0.030440613627433777,-0.09243208169937134,1.3714033365249634
-0.08554115891456604,-0.20090314745903015,1.3845341205596924
-0.16216476261615753,0.04762271046638489,1.263030767440796
-0.03771039843559265,0.3193613290786743,1.3159019947052002
-0.059445276856422424,0.21212148666381836,1.475951075553894
-0.022106412798166275,-0.19534993171691895,1.2483775615692139
0.015685737133026123,-0.39027005434036255,1.1797738075256348
0.017958790063858032,-0.32799094915390015,1.357069969177246
