0.0,0.0,0.8205623626708984
0.08742409944534302,-0.03485593572258949,0.8167241811752319
0.24129046499729156,0.10395637154579163,0.5034847259521484
0.34211286902427673,0.04419279098510742,0.1499376893043518
-0.09829133003950119,0.0145448362454772,0.822602391242981
-0.1304602026939392,0.01347261667251587,0.47190868854522705
-0.2470952421426773,-0.16285866498947144,0.08717489242553711
0.010441189631819725,-0.05085103213787079,1.0293995141983032
-0.009840041399002075,-0.17754420638084412,1.2517520189285278
0.04227500408887863,-0.1071818470954895,1.3781404495239258
-0.024569950997829437,-0.25565236806869507,1.3856470584869385
-0.11348390579223633,-0.05603146553039551,1.228076457977295
-0.1723879873752594,0.23070725798606873,1.1455368995666504
0.0430210679769516,0.3436547517776489,1.274930477142334
0.15873654186725616,-0.1527600884437561,1.250547170639038
0.44265609979629517,-0.06479978561401367,1.231525182723999
0.36162978410720825,0.14755123853683472,1.3199974298477173
