0.0,0.0,0.8205623626708984
0.10286460816860199,0.09731853008270264,0.8454243540763855
0.10260823369026184,0.30174362659454346,0.5353740453720093
0.2051660418510437,0.23645541071891785,0.1476496458053589
-0.09842435270547867,-0.10356616228818893,0.796803891658783
-0.18342378735542297,-0.2213018536567688,0.4155009388923645
-0.20708049833774567,-0.4710997939109802,0.03783315420150757
-0.037679217755794525,-0.02191731333732605,1.0457162857055664
-0.07150286436080933,-0.03791135549545288,1.3018314838409424
-0.1644216626882553,0.011104285717010498,1.4396843910217285
-0.17530308663845062,-0.056930601596832275,1.4692344665527344
-0.17357519268989563,-0.12424290180206299,1.249214768409729
-0.15439018607139587,-0.26353034377098083,1.0134347677230835
-0.22109395265579224,-0.36198946833610535,0.8357670307159424
0.052557915449142456,0.059802234172821045,1.2983797788619995
0.2116365134716034,0.23819756507873535,1.142337679862976
0.1650390923023224,0.3701714277267456,1.0053296089172363
