0.0,0.0,0.8205623626708984
0.045695625245571136,-0.11026256531476974,0.8029590845108032
0.2939754128456116,0.13145366311073303,0.5383170247077942
0.08144372701644897,-0.015048503875732422,0.17529243230819702
-0.04502218961715698,0.11309192329645157,0.8420854210853577
-0.023131977766752243,0.09853550791740417,0.493546724319458
-0.07138168811798096,-0.011613428592681885,0.13060253858566284
-0.007224563509225845,-0.03304418921470642,1.0347455739974976
-0.02778804861009121,-0.11150330305099487,1.265999436378479
0.000740882009267807,-0.030132412910461426,1.3944470882415771
-0.05763949081301689,-0.15917077660560608,1.4057531356811523
-0.14039207994937897,0.004176914691925049,1.254732608795166
-0.26938316226005554,0.14087915420532227,1.129774570465088
-0.06983299553394318,0.2086006999015808,1.0231298208236694
0.12648048996925354,-0.12895819544792175,1.240708351135254
0.19811025261878967,-0.24447433650493622,1.0409812927246094
0.19365864992141724,0.002578422427177429,0.9698681831359863
