0.0,0.0,0.8205623626708984
0.09804835170507431,-0.017947927117347717,0.8368776440620422
0.08783380687236786,-0.12882289290428162,0.45673197507858276
0.06315472722053528,-0.30282771587371826,0.06250131130218506
-0.10657297074794769,-0.022072916850447655,0.8012602925300598
-0.19510483741760254,-0.053453534841537476,0.41974884271621704
-0.35053861141204834,-0.246806800365448,0.03942030668258667
-0.05146200582385063,-0.0067530423402786255,1.0319148302078247
-0.11132616549730301,-0.07954391837120056,1.2640905380249023
-0.02053954266011715,-0.038032710552215576,1.398829460144043
-0.07802090793848038,-0.161752849817276,1.4122314453125
-0.22744250297546387,0.01700568199157715,1.2327961921691895
-0.3537251651287079,-0.06508582830429077,1.010711431503296
-0.14150992035865784,0.13211587071418762,0.9651322960853577
0.028763502836227417,-0.10651430487632751,1.2501170635223389
0.17295289039611816,-0.15121495723724365,1.0898128747940063
0.14957371354103088,0.09857568144798279,1.0402750968933105
