0.0,0.0,0.8205623626708984
0.03687196969985962,-0.09654120355844498,0.8024330139160156
0.15704955160617828,-0.14342698454856873,0.482424795627594
0.26012513041496277,-0.2670993208885193,0.1269732117652893
-0.03801734745502472,0.09357334673404694,0.8386458158493042
-0.08080187439918518,0.013182461261749268,0.46881362795829773
-0.2468387633562088,-0.1304185390472412,0.09259158372879028
-0.018737681210041046,-0.03989104926586151,1.0418497323989868
-0.03477812185883522,-0.09631776809692383,1.2928091287612915
0.028999682515859604,-0.06388849020004272,1.398811936378479
-0.012641869485378265,-0.16008803248405457,1.4167356491088867
-0.0943133533000946,0.04477420449256897,1.2838581800460815
0.03403545916080475,0.29583320021629333,1.325023889541626
4.9054622650146484e-05,0.2114660143852234,1.4822956323623657
0.05457933992147446,-0.15742364525794983,1.2751765251159668
0.1876651495695114,-0.18761685490608215,1.2144031524658203
0.17585039138793945,-0.11911699175834656,1.4035444259643555
