0.0,0.0,0.8205623626708984
0.03718647360801697,-0.119759701192379,0.8171718120574951
-0.012025021016597748,-0.2570668160915375,0.4551575779914856
-0.1738472729921341,-0.43592989444732666,0.06094592809677124
-0.03466305881738663,0.11717508733272552,0.8256301879882812
0.25044378638267517,0.4048231244087219,0.643934965133667
0.026923224329948425,0.37274348735809326,0.2995961308479309
-0.08442778885364532,-0.07769893109798431,1.0193591117858887
-0.1654241979122162,-0.17337578535079956,1.2448453903198242
-0.10554610192775726,-0.16385304927825928,1.3800467252731323
-0.162099689245224,-0.2721213400363922,1.390012502670288
-0.24336564540863037,-0.02106603980064392,1.2389647960662842
-0.20330959558486938,0.25226062536239624,1.3502001762390137
-0.15836146473884583,0.12554675340652466,1.5147011280059814
-0.04842230677604675,-0.23283977806568146,1.2223334312438965
0.1701224148273468,-0.1706945300102234,1.2492090463638306
0.10661682486534119,-0.14706605672836304,1.4369574785232544
