0.0,0.0,0.8205623626708984
0.09402070939540863,-0.026983004063367844,0.8334084153175354
0.18647927045822144,-0.024089068174362183,0.4781705439090729
0.2294606864452362,-0.15221232175827026,0.09869027137756348
-0.1054311990737915,-0.010222177021205425,0.8045781254768372
-0.13997508585453033,-0.08712702989578247,0.40442803502082825
-0.2544855773448944,-0.2872682809829712,0.025297582149505615
-0.03682703524827957,-0.016058817505836487,1.0281000137329102
-0.0825439840555191,-0.11220976710319519,1.25201416015625
-0.0007896577008068562,-0.054744601249694824,1.3977510929107666
-0.05858582258224487,-0.18609902262687683,1.4092397689819336
-0.20453356206417084,-0.007639199495315552,1.2491859197616577
-0.38872379064559937,-0.08843615651130676,1.0506393909454346
-0.15647120773792267,0.08179503679275513,0.9596197605133057
0.07107693701982498,-0.11753037571907043,1.2108327150344849
0.22603848576545715,-0.10750345885753632,1.053452968597412
0.18934349715709686,0.1440552920103073,1.0165914297103882
