0.0,0.0,0.8205623626708984
0.04745472967624664,-0.10964012891054153,0.8030538558959961
0.30234605073928833,0.14025065302848816,0.5437712669372559
0.09042507410049438,-0.005029141902923584,0.18394994735717773
-0.046322934329509735,0.1129598617553711,0.8421458005905151
0.005067907273769379,0.15707144141197205,0.5120612382888794
-0.04488811269402504,0.04475277662277222,0.1458601951599121
-0.009889120236039162,-0.03552718460559845,1.0347288846969604
-0.03242672607302666,-0.11563098430633545,1.2658711671829224
-0.0005668627563863993,-0.036475181579589844,1.3935827016830444
-0.059716351330280304,-0.1665363609790802,1.403198003768921
-0.14545108377933502,0.0018903613090515137,1.2539410591125488
-0.2674752175807953,0.14237916469573975,1.1304244995117188
-0.06225007772445679,0.22197812795639038,1.0321102142333984
0.12421569228172302,-0.1308412253856659,1.2425729036331177
0.20646032691001892,-0.23025882244110107,1.0434074401855469
0.1988675445318222,0.02384336292743683,0.979727029800415
