0.0,0.0,0.8205623626708984
0.1218661218881607,0.05814676731824875,0.8495862483978271
0.1889970451593399,0.2910120189189911,0.5659971833229065
0.22479072213172913,0.23577237129211426,0.17834770679473877
-0.11813028901815414,-0.07068115472793579,0.7937856912612915
-0.19167982041835785,-0.1599917709827423,0.40091589093208313
-0.21359291672706604,-0.4292839765548706,0.05933934450149536
-0.029990971088409424,0.006696030497550964,1.0483771562576294
-0.034347448498010635,0.004904747009277344,1.3076491355895996
0.04302370548248291,0.014651894569396973,1.4322096109390259
0.0058380477130413055,-0.0782468318939209,1.4569051265716553
-0.1914885938167572,0.03687205910682678,1.2948023080825806
-0.3991730809211731,-0.0761360228061676,1.0949443578720093
-0.18398559093475342,0.10008826851844788,1.0016982555389404
0.1316291093826294,0.01800873875617981,1.2720613479614258
0.33167436718940735,0.10328125953674316,1.1326546669006348
0.25123730301856995,0.33966124057769775,1.127986192703247
