0.0,0.0,0.8205623626708984
0.09582307934761047,-0.011896541342139244,0.8198412656784058
0.06536529958248138,0.030375123023986816,0.46625304222106934
0.021873511373996735,-0.12477290630340576,0.1338779330253601
-0.10410615801811218,-0.018589993938803673,0.818267822265625
-0.11994028091430664,-0.12069573998451233,0.4438304901123047
-0.17970207333564758,-0.3292611241340637,0.06375342607498169
-0.0008645697962492704,-0.005911335349082947,1.0297884941101074
-0.021496552973985672,-0.07186895608901978,1.2606732845306396
0.027742570266127586,-0.001963496208190918,1.4072515964508057
-0.022399818524718285,-0.11728096008300781,1.4226536750793457
-0.14792534708976746,0.007989376783370972,1.219420075416565
-0.1985827386379242,0.25694239139556885,1.08454167842865
0.03647802025079727,0.3594434857368469,1.1048178672790527
0.1344667673110962,-0.0872856080532074,1.2533962726593018
0.12473008036613464,-0.22110283374786377,1.0416450500488281
0.22348995506763458,0.07920041680335999,1.066852331161499
