0.0,0.0,0.8205623626708984
0.12487967312335968,0.04776138812303543,0.8469706177711487
0.1722748875617981,0.20415830612182617,0.5147066712379456
0.20516373217105865,0.13227957487106323,0.10955899953842163
-0.1240350604057312,-0.0608268678188324,0.7965055704116821
-0.12971732020378113,-0.09987244009971619,0.3704257011413574
-0.13916561007499695,-0.3356178402900696,0.021473705768585205
-0.01013497356325388,-0.01766975224018097,1.0377755165100098
-0.014672685414552689,-0.07787150144577026,1.2756261825561523
0.05034409835934639,-0.020406126976013184,1.414280891418457
5.1196664571762085e-05,-0.1353679895401001,1.4321346282958984
-0.16593389213085175,-0.012602031230926514,1.27243173122406
-0.38000980019569397,-0.11981779336929321,1.093436598777771
-0.16199477016925812,0.05445593595504761,1.0095938444137573
0.16286110877990723,-0.06079375743865967,1.2342334985733032
0.3702365756034851,0.0057038068771362305,1.1048228740692139
0.27316659688949585,0.21772406995296478,1.072346568107605
