0.0,0.0,0.8205623626708984
0.032695941627025604,-0.12192817032337189,0.8160572648048401
0.03544066846370697,-0.222091943025589,0.44765961170196533
-0.10585001856088638,-0.3584568500518799,0.0555272102355957
-0.02846468985080719,0.12145183980464935,0.8264925479888916
0.21746252477169037,0.3756936192512512,0.5830526351928711
-0.04144050180912018,0.3012599050998688,0.2440931797027588
-0.05915069580078125,-0.03640475869178772,1.0429573059082031
-0.10885941237211227,-0.07521924376487732,1.2942068576812744
-0.0255015566945076,-0.04687768220901489,1.3948359489440918
-0.07807362824678421,-0.15479877591133118,1.4198286533355713
-0.1960996389389038,0.046564072370529175,1.2714917659759521
-0.237168550491333,0.31607088446617126,1.3322267532348633
-0.0858641117811203,0.25801122188568115,1.4716410636901855
-0.015415113419294357,-0.17207345366477966,1.2795953750610352
0.11514891684055328,-0.3741953372955322,1.221055507659912
0.18639804422855377,-0.11943128705024719,1.3791532516479492
