0.0,0.0,0.8205623626708984
0.040073223412036896,-0.11551725119352341,0.7985504269599915
0.3639926612377167,0.1659960150718689,0.5833415985107422
0.21862781047821045,0.12356060743331909,0.16989082098007202
-0.041428081691265106,0.11591857671737671,0.8445059061050415
0.10574463754892349,0.2753327488899231,0.5410401821136475
0.03551223874092102,0.1217004656791687,0.19101107120513916
0.01106672827154398,-0.02421167492866516,1.0588046312332153
0.03265293315052986,-0.03594651818275452,1.3233826160430908
0.10327062755823135,0.014084041118621826,1.443964958190918
0.05533018708229065,-0.07255172729492188,1.4691925048828125
-0.09572738409042358,0.053794801235198975,1.2946888208389282
-0.21883517503738403,0.295931339263916,1.3491973876953125
-0.06543508172035217,0.38084715604782104,1.5325353145599365
0.15377746522426605,-0.1309950053691864,1.3083566427230835
0.3153994083404541,-0.2758859097957611,1.3131084442138672
0.41667166352272034,-0.03545910120010376,1.4735080003738403
