0.0,0.0,0.8205623626708984
0.04378014802932739,-0.11346094310283661,0.7989307045936584
0.3385895788669586,0.15532521903514862,0.5605725646018982
0.12844759225845337,0.03928494453430176,0.1934536099433899
-0.04414279758930206,0.11527157574892044,0.8458575010299683
0.03398720175027847,0.19827468693256378,0.5242663025856018
-0.014249579980969429,0.07859855890274048,0.1551055908203125
0.010415884666144848,-0.02329409122467041,1.0482380390167236
0.023061934858560562,-0.04792460799217224,1.299372673034668
0.04686673358082771,0.016842305660247803,1.4370712041854858
-0.003146938979625702,-0.09047067165374756,1.453648567199707
-0.1030157208442688,0.0516105592250824,1.2748668193817139
-0.191053569316864,0.2915363907814026,1.1722160577774048
0.032042376697063446,0.3347179889678955,1.0969839096069336
0.17204362154006958,-0.09749278426170349,1.2781319618225098
0.2319059669971466,-0.26188576221466064,1.0705335140228271
0.21959054470062256,-0.012901991605758667,0.9877192974090576
