0.0,0.0,0.8205623626708984
0.11344444006681442,0.06373318284749985,0.8524523973464966
0.1944837123155594,0.2978345453739166,0.5690009593963623
0.29388338327407837,0.28772875666618347,0.17894971370697021
-0.11141621321439743,-0.07611832022666931,0.7908345460891724
-0.14867235720157623,-0.11931595206260681,0.3812044858932495
-0.1692923754453659,-0.35883623361587524,0.04115891456604004
-0.021140441298484802,0.017701610922813416,1.0388424396514893
0.0002577155828475952,0.058685362339019775,1.2916183471679688
0.07538016885519028,0.061907410621643066,1.4130313396453857
0.0464734211564064,-0.008547425270080566,1.4419641494750977
-0.16102054715156555,0.06015029549598694,1.290658950805664
-0.36674338579177856,-0.07388386130332947,1.0907981395721436
-0.17590345442295074,0.08428898453712463,0.9724652767181396
0.1527976542711258,0.0710161030292511,1.2399624586105347
0.34395986795425415,0.1274937242269516,1.0818531513214111
0.25647348165512085,0.3324853181838989,1.1137375831604004
