0.0,0.0,0.8205623626708984
0.0038181431591510773,-0.027462296187877655,0.8047471046447754
-0.29278287291526794,-0.7247119545936584,0.6188855767250061
-0.16408008337020874,-0.6466755867004395,2.300891399383545
-0.021141745150089264,-0.082240991294384,0.8002477884292603
-0.2985655963420868,-0.7319980263710022,0.6250051856040955
-0.17454424500465393,-0.6853335499763489,2.3308353424072266
-0.10146874189376831,0.06072443723678589,1.3500083684921265
-0.17196206748485565,0.10948896408081055,1.8993521928787231
0.0451735183596611,-0.002895355224609375,2.6455554962158203
0.057325419038534164,0.02445375919342041,2.639913320541382
-0.5128597021102905,0.12617415189743042,1.8270806074142456
-1.3214815855026245,0.4984171390533447,1.8163728713989258
-0.9796026945114136,0.29810023307800293,2.434598922729492
0.047038279473781586,0.09745395183563232,1.8877756595611572
-1.2195234298706055,0.5394865870475769,1.86256742477417
-1.0254931449890137,0.2062849998474121,2.41165828704834
