0.0,0.0,0.8205623626708984
0.11419820785522461,0.03037278912961483,0.8406461477279663
0.09610940515995026,0.04776385426521301,0.4721047878265381
0.05766850709915161,-0.04517430067062378,0.08728313446044922
-0.11625280231237411,-0.056631796061992645,0.7985251545906067
-0.14327751100063324,-0.15610241889953613,0.4028479754924774
-0.20089711248874664,-0.4083217978477478,0.03829878568649292
-0.03429602459073067,0.002902895212173462,1.0445345640182495
-0.06732814759016037,-0.030031979084014893,1.2958621978759766
-0.031208381056785583,0.033852577209472656,1.4236799478530884
-0.08920711278915405,-0.10522842407226562,1.4372917413711548
-0.20884793996810913,0.01943683624267578,1.2771790027618408
-0.3942449688911438,-0.07353135943412781,1.067297101020813
-0.16439947485923767,0.09602944552898407,0.9862018823623657
0.09688343107700348,-0.02934977412223816,1.272614598274231
0.1833239197731018,-0.09195202589035034,1.1102460622787476
0.2023106813430786,0.1725028157234192,1.0796754360198975
