0.0,0.0,0.8205623626708984
0.09764120727777481,-0.027953006327152252,0.8417607545852661
0.03586983680725098,-0.15849119424819946,0.4578763246536255
-0.040076158940792084,-0.3231799602508545,0.039374470710754395
-0.10455141216516495,-0.00952167809009552,0.7973114848136902
-0.23405607044696808,0.06280016899108887,0.4308147728443146
-0.4157088100910187,-0.04485428333282471,0.07266813516616821
-0.08026351779699326,-0.03826145827770233,1.0394585132598877
-0.17251110076904297,-0.15693405270576477,1.2691848278045654
-0.09763666987419128,-0.12279227375984192,1.3930919170379639
-0.16048964858055115,-0.26431071758270264,1.4071263074874878
-0.2677169442176819,-0.035323500633239746,1.2994623184204102
-0.4142698049545288,0.11511299014091492,1.2524102926254272
-0.1818680614233017,0.11016353964805603,1.2678923606872559
-0.056293439120054245,-0.20180363953113556,1.2149765491485596
-0.022226743400096893,-0.35876187682151794,1.0277621746063232
0.17970722913742065,-0.1341024488210678,0.9762102961540222
