0.0,0.0,0.8205623626708984
0.0513036847114563,-0.10929910838603973,0.7965272665023804
0.3995789587497711,0.1623212993144989,0.5933471322059631
0.3387230932712555,0.14699870347976685,0.17849338054656982
-0.053284652531147,0.11187486350536346,0.8478166460990906
0.08009890466928482,0.3298238515853882,0.5485789775848389
0.018340956419706345,0.19944387674331665,0.1834314465522766
0.033048976212739944,-0.036050885915756226,1.0550930500030518
0.0711420327425003,-0.058844029903411865,1.3153029680252075
0.115589439868927,-0.004695594310760498,1.4555690288543701
0.05910113453865051,-0.11747682094573975,1.4765939712524414
-0.06687229871749878,0.0094510018825531,1.2816646099090576
-0.18152374029159546,0.14115524291992188,1.0876606702804565
-0.06169706583023071,0.36797094345092773,1.22544264793396
0.20833982527256012,-0.1255742311477661,1.2955595254898071
0.4789871573448181,-0.010899960994720459,1.3223366737365723
0.5137003660202026,0.11479681730270386,1.5380480289459229
