0.0,0.0,0.8205623626708984
0.076991505920887,-0.0592835396528244,0.8104559183120728
0.09163860976696014,-0.1222996711730957,0.4262341558933258
0.036295339465141296,-0.3204319477081299,0.035342514514923096
-0.08813764899969101,0.031310200691223145,0.8293720483779907
-0.210297092795372,0.02025744318962097,0.4658062160015106
-0.3771994709968567,-0.07215005159378052,0.09581530094146729
0.008871105499565601,-0.024458706378936768,1.0427080392837524
-0.007151162251830101,-0.09694790840148926,1.2839102745056152
-0.028642911463975906,-0.02424931526184082,1.4186573028564453
-0.08980858325958252,-0.15199753642082214,1.429145097732544
-0.13335883617401123,-0.02281630039215088,1.2478832006454468
-0.1771043837070465,0.2146260142326355,1.1145315170288086
0.07222245633602142,0.3413994312286377,1.0821986198425293
0.15553469955921173,-0.0993359386920929,1.2737727165222168
0.15685425698757172,-0.2726423442363739,1.073020577430725
0.16201521456241608,-0.044954970479011536,0.9931588768959045
