0.0,0.0,0.8205623626708984
0.052154846489429474,-0.09449206292629242,0.8053534626960754
0.3020261824131012,0.1609070599079132,0.5669581890106201
0.2564243674278259,0.10163575410842896,0.15563559532165527
-0.05973168462514877,0.08997686207294464,0.8373563289642334
-0.11797259747982025,-0.08241912722587585,0.4316336512565613
-0.15697647631168365,-0.25351041555404663,0.07854098081588745
0.02119188755750656,-0.030847132205963135,1.0386849641799927
0.030395321547985077,-0.09175065159797668,1.281266212463379
0.0036190664395689964,-0.01707381010055542,1.4080188274383545
-0.06142042949795723,-0.14869874715805054,1.418043613433838
-0.08542858064174652,-0.03980699181556702,1.2647361755371094
-0.25567108392715454,-0.015239864587783813,1.1201941967010498
-0.07796242833137512,0.11082868278026581,1.0016813278198242
0.16707344353199005,-0.1083507239818573,1.2484740018844604
0.11960232257843018,-0.2511393427848816,1.0117734670639038
0.13436461985111237,-0.09718514233827591,0.8768411874771118
