0.0,0.0,0.8205623626708984
0.09138384461402893,-0.020131811499595642,0.818310558795929
0.24585767090320587,0.1100291907787323,0.4972490072250366
0.35160475969314575,0.04814779758453369,0.1406714916229248
-0.10153937339782715,-0.000619309488683939,0.8214102387428284
-0.14583387970924377,-0.009370982646942139,0.45949167013168335
-0.2574867606163025,-0.18872296810150146,0.07269740104675293
0.009955761954188347,-0.05187408626079559,1.0316441059112549
-0.006452299654483795,-0.17527058720588684,1.2569175958633423
0.04532396048307419,-0.12154856324195862,1.3751572370529175
-0.014434006065130234,-0.2564617395401001,1.3878653049468994
-0.11546406149864197,-0.05651000142097473,1.2340633869171143
-0.1437428593635559,0.2332579493522644,1.13582444190979
0.06641364842653275,0.3718825876712799,1.263160228729248
0.17061816155910492,-0.13365760445594788,1.258796215057373
0.4163515865802765,0.06428331136703491,1.1948580741882324
0.3098664879798889,0.2659996747970581,1.2519118785858154
