0.0,0.0,0.8205623626708984
0.12346918880939484,0.04219968616962433,0.8440130949020386
0.15341302752494812,0.2152547836303711,0.5423954725265503
0.1302480846643448,0.1471957564353943,0.1604675054550171
-0.12226979434490204,-0.06037793308496475,0.7982288599014282
-0.20165231823921204,-0.14647573232650757,0.41240906715393066
-0.21699292957782745,-0.40150880813598633,0.0738726258277893
-0.019904859364032745,0.022223979234695435,1.0404224395751953
-0.02740871161222458,0.022658079862594604,1.2873666286468506
0.017576297745108604,0.07491171360015869,1.4377422332763672
-0.025872427970170975,-0.01802051067352295,1.4606541395187378
-0.18322539329528809,0.06083136796951294,1.2658261060714722
-0.3514251112937927,-0.05426254868507385,1.0452687740325928
-0.2536916136741638,0.10614720731973648,0.8925371766090393
0.12498726695775986,-0.011025190353393555,1.2499103546142578
0.09789720177650452,-0.15095286071300507,1.0100854635238647
0.26258227229118347,0.03799484670162201,0.9402581453323364
