0.0,0.0,0.8205623626708984
0.12575814127922058,0.041274718940258026,0.8439688682556152
0.1270914524793625,0.11631806194782257,0.5062940716743469
0.07739300280809402,0.02467423677444458,0.11398804187774658
-0.12471483647823334,-0.05894475430250168,0.7981333136558533
-0.19927553832530975,-0.12060636281967163,0.40221795439720154
-0.20846915245056152,-0.3694533109664917,0.06025969982147217
-0.01876191422343254,0.020494520664215088,1.0454446077346802
-0.02043115720152855,0.034961044788360596,1.2989898920059204
0.007164675742387772,0.07543081045150757,1.4481357336044312
-0.03203412890434265,-0.014529109001159668,1.469924807548523
-0.17885629832744598,0.05781880021095276,1.2788944244384766
-0.3231121003627777,-0.039571985602378845,1.0393023490905762
-0.26012036204338074,0.11338452994823456,0.8630815148353577
0.12960490584373474,0.001159071922302246,1.2606630325317383
0.10415928065776825,-0.11513786017894745,1.0092966556549072
0.24669149518013,0.0222335122525692,0.8886128067970276
