0.0,0.0,0.8205623626708984
0.03912537544965744,-0.11829318851232529,0.8035455942153931
0.015129245817661285,-0.24537765979766846,0.42598992586135864
-0.1899326890707016,-0.38123464584350586,0.02270829677581787
-0.043025411665439606,0.1176234781742096,0.8394631147384644
0.0070768073201179504,0.13002179563045502,0.4657938778400421
-0.01805296540260315,-0.01884669065475464,0.09844934940338135
0.015806280076503754,-0.003921151161193848,1.0532742738723755
0.030625218525528908,-0.006621181964874268,1.3119815587997437
0.09166569262742996,0.04411470890045166,1.4492249488830566
0.05196894705295563,-0.03707766532897949,1.4742481708526611
-0.10801486670970917,0.06360498070716858,1.2690006494522095
-0.19698722660541534,0.042635947465896606,1.0354732275009155
-0.06025879085063934,0.28586605191230774,0.9763636589050293
0.16669361293315887,-0.0819837749004364,1.3026459217071533
0.3818948268890381,-0.15183159708976746,1.3103976249694824
0.663499116897583,-0.07745248079299927,1.3762388229370117
