0.0,0.0,0.8205623626708984
-0.10834158957004547,-0.027819424867630005,0.7921346426010132
-0.15044471621513367,-0.24006959795951843,0.41146430373191833
-0.2464371770620346,-0.39607471227645874,0.04142028093338013
0.11016257107257843,0.007370201870799065,0.8494164347648621
-0.12307696044445038,-0.3846890926361084,0.6420338153839111
-0.09588401019573212,-0.38368478417396545,0.34878185391426086
-0.017452143132686615,0.057513996958732605,1.0511984825134277
-0.012902416288852692,0.10092014074325562,1.3088668584823608
0.08707574009895325,0.022509753704071045,1.4238243103027344
0.12535682320594788,0.1172478199005127,1.4844024181365967
0.1339188516139984,0.10784545540809631,1.2922675609588623
0.15764625370502472,0.006368309259414673,1.0345498323440552
0.02383977174758911,-0.17335079610347748,1.1242927312850952
-0.1793024092912674,0.09748822450637817,1.2692922353744507
-0.22299616038799286,0.009346768260002136,0.9918156862258911
-0.25934314727783203,-0.18084466457366943,0.8151817321777344
