0.0,0.0,0.8205623626708984
0.09534487873315811,-0.014828169718384743,0.8205810189247131
0.2387469857931137,0.09204962849617004,0.4864722490310669
0.3388552963733673,0.019060969352722168,0.12470877170562744
-0.10447710007429123,-0.0038120863027870655,0.8195170164108276
-0.15374654531478882,-0.0310838520526886,0.446178674697876
-0.26766932010650635,-0.20843690633773804,0.06120270490646362
0.0039274804294109344,-0.06480106711387634,1.029703974723816
-0.01347425952553749,-0.19413277506828308,1.2540150880813599
0.03301898390054703,-0.1595582365989685,1.3690909147262573
-0.022050775587558746,-0.28057122230529785,1.379993200302124
-0.12131240218877792,-0.0830952525138855,1.2337690591812134
-0.14870624244213104,0.19948893785476685,1.133463740348816
0.057449452579021454,0.33671432733535767,1.2572472095489502
0.16134348511695862,-0.141170471906662,1.2560174465179443
0.35242128372192383,0.09678080677986145,1.1582980155944824
0.2606382668018341,0.32789650559425354,1.208107829093933
