0.0,0.0,0.8205623626708984
0.05073823034763336,-0.10947513580322266,0.8025647401809692
0.327392578125,0.1521185040473938,0.5414779186248779
0.11951611936092377,0.023127257823944092,0.17424601316452026
-0.049880750477313995,0.11269833147525787,0.8429805636405945
0.017751172184944153,0.17267481982707977,0.507211446762085
-0.026202544569969177,0.048962175846099854,0.13764184713363647
-0.0017961000557988882,-0.025966137647628784,1.03998863697052
-0.010571652092039585,-0.07456660270690918,1.2786874771118164
0.016500404104590416,0.0036804676055908203,1.4223346710205078
-0.03792467340826988,-0.11028242111206055,1.4377977848052979
-0.13889360427856445,0.02383589744567871,1.252129316329956
-0.26132452487945557,0.1832781434059143,1.124860405921936
-0.017515569925308228,0.31680887937545776,1.0771691799163818
0.15137255191802979,-0.10282045602798462,1.26045560836792
0.214745432138443,-0.24045464396476746,1.0511924028396606
0.21354563534259796,0.014741197228431702,0.9791232347488403
