0.0,0.0,0.8205623626708984
0.07017455250024796,-0.07050196081399918,0.8135039806365967
-0.01776750758290291,-0.1610223650932312,0.4173705279827118
-0.11472010612487793,-0.3529202938079834,0.05181187391281128
-0.08138196170330048,0.03850173205137253,0.8251184225082397
-0.09127429872751236,0.008046090602874756,0.46017614006996155
-0.21100690960884094,-0.16187477111816406,0.08327257633209229
-0.007891429588198662,-0.007925868034362793,1.0337574481964111
-0.031201878562569618,-0.06542804837226868,1.2688672542572021
0.021114952862262726,0.010384738445281982,1.401202917098999
-0.033977020531892776,-0.11788517236709595,1.4123632907867432
-0.15531790256500244,0.027622520923614502,1.2312873601913452
-0.21989312767982483,0.26804354786872864,1.1000776290893555
0.02011626958847046,0.3433058261871338,1.1009199619293213
0.12730567157268524,-0.08042922616004944,1.2668267488479614
0.13827848434448242,-0.2426401674747467,1.0510671138763428
0.18965117633342743,0.006878972053527832,0.9504367709159851
