0.0,0.0,0.8205623626708984
0.08342654258012772,-0.050211548805236816,0.8144409656524658
-0.014393653720617294,-0.13440144062042236,0.4107981026172638
-0.10046674311161041,-0.30715411901474,0.03486913442611694
-0.09531731903553009,0.014680934138596058,0.8236606121063232
-0.10402902960777283,-0.04671359062194824,0.4426076412200928
-0.20344097912311554,-0.2292221188545227,0.0527840256690979
-0.008670713752508163,-0.017191588878631592,1.0388950109481812
-0.03073906898498535,-0.07609021663665771,1.2796401977539062
0.013184191659092903,-0.008439838886260986,1.4116578102111816
-0.04493007808923721,-0.14134472608566284,1.420929193496704
-0.16400794684886932,0.006543964147567749,1.2419317960739136
-0.2331337332725525,0.24767714738845825,1.107773780822754
0.012829996645450592,0.33276236057281494,1.1175999641418457
0.1375335454940796,-0.08145663142204285,1.2792541980743408
0.14096269011497498,-0.22548389434814453,1.0444105863571167
0.1930791586637497,-0.00351647287607193,0.9105304479598999
