0.0,0.0,0.8205623626708984
-0.07036920636892319,-0.12154685705900192,0.7967328429222107
-0.061676058918237686,-0.2499055564403534,0.42550086975097656
-0.23092706501483917,-0.3379731774330139,0.04006260633468628
0.07370386272668839,0.11901255697011948,0.8444646596908569
0.13583579659461975,-0.029824435710906982,0.5010097622871399
0.06996840983629227,-0.06894147396087646,0.09641879796981812
-0.03476948291063309,-0.007417917251586914,1.0454821586608887
-0.05015851557254791,-0.009985029697418213,1.300982117652893
0.0038121435791254044,-0.043040335178375244,1.4212732315063477
0.0268303994089365,0.014442384243011475,1.4737883806228638
-0.02126610279083252,0.11452510952949524,1.295030117034912
0.03454834222793579,0.28090813755989075,1.078258991241455
0.17689067125320435,0.19735276699066162,0.9368646740913391
-0.09872747957706451,-0.13834145665168762,1.2604111433029175
-0.20624764263629913,-0.1840062290430069,0.9930694103240967
-0.27852314710617065,-0.25944119691848755,0.7860866785049438
