0.0,0.0,0.8205623626708984
0.11633129417896271,0.052475810050964355,0.8424787521362305
0.10005385428667068,0.1235511302947998,0.49518150091171265
0.10086876899003983,0.038168907165527344,0.10811352729797363
-0.11570020765066147,-0.07016106694936752,0.7989653944969177
-0.14702458679676056,-0.1975066363811493,0.41633421182632446
-0.1991344839334488,-0.45025402307510376,0.039370715618133545
-0.02543315850198269,-0.0029312968254089355,1.0471018552780151
-0.05645814538002014,-0.03912213444709778,1.3009705543518066
-0.0546489879488945,0.030958592891693115,1.4376990795135498
-0.10012979060411453,-0.09032458066940308,1.4551987648010254
-0.20776531100273132,-0.010876357555389404,1.2580792903900146
-0.348034530878067,-0.12215238809585571,1.0546936988830566
-0.13708657026290894,0.09996947646141052,1.0070350170135498
0.116818867623806,-0.03285902738571167,1.2936537265777588
0.2404087483882904,-0.12149691581726074,1.141875147819519
0.1924656629562378,0.1094994843006134,1.0662508010864258
