0.0,0.0,0.8205623626708984
-0.10316307842731476,-0.09838416427373886,0.7874199748039246
-0.12647975981235504,-0.324899286031723,0.43785786628723145
-0.2833322584629059,-0.4849538803100586,0.032465338706970215
0.10358910262584686,0.09450418502092361,0.8530787229537964
0.15513569116592407,-0.37210023403167725,0.7972732782363892
0.22350582480430603,-0.29113146662712097,0.45984920859336853
-0.021642250940203667,0.007599577307701111,1.0530422925949097
-0.02274947427213192,-0.01009589433670044,1.29982328414917
0.09002305567264557,-0.08167672157287598,1.418176293373108
0.11560691148042679,0.004801630973815918,1.477860689163208
0.10245228558778763,0.07692161202430725,1.297070026397705
0.23912392556667328,0.2536833882331848,1.1248281002044678
0.19803518056869507,0.010503709316253662,1.0044429302215576
-0.1643657386302948,-0.0692439079284668,1.247331976890564
-0.2494661957025528,-0.16369080543518066,0.9806528687477112
-0.3232578635215759,-0.31259188055992126,0.7691135406494141
