0.0,0.0,0.8205623626708984
0.044890888035297394,-0.10969243943691254,0.8019778728485107
0.3197823762893677,0.14989390969276428,0.5587390661239624
0.12170665711164474,0.024845421314239502,0.20460134744644165
-0.043634310364723206,0.11310428380966187,0.843064546585083
0.03797183930873871,0.20944996178150177,0.5308501720428467
-0.0002713724970817566,0.09923309087753296,0.17933553457260132
-0.005955571308732033,-0.03329530358314514,1.0299203395843506
-0.024525923654437065,-0.10278931260108948,1.2575050592422485
0.003294255118817091,-0.025744616985321045,1.4006483554840088
-0.05202886834740639,-0.14399483799934387,1.408402681350708
-0.13974398374557495,0.011496424674987793,1.2345032691955566
-0.23176440596580505,0.21150687336921692,1.1229768991470337
0.002566710114479065,0.3420761823654175,1.0719716548919678
0.1366913914680481,-0.11893334984779358,1.2408125400543213
0.21094125509262085,-0.22723162174224854,1.0462846755981445
0.2235974371433258,0.04903633892536163,0.9906840920448303
