0.0,0.0,0.8205623626708984
0.08593185991048813,-0.04485052451491356,0.8164141774177551
-0.014006249606609344,-0.17896705865859985,0.416703999042511
-0.08980055898427963,-0.36491698026657104,0.05623579025268555
-0.09831243008375168,0.008296489715576172,0.8213268518447876
-0.10746628791093826,-0.06123968958854675,0.43841463327407837
-0.16915178298950195,-0.2695809602737427,0.04386228322982788
-0.008387180045247078,-0.008995398879051208,1.0403047800064087
-0.025332022458314896,-0.052347391843795776,1.282623052597046
0.023857049643993378,0.0035108327865600586,1.438260555267334
-0.021078940480947495,-0.09957069158554077,1.4560658931732178
-0.15916000306606293,0.01582077145576477,1.2404203414916992
-0.23254281282424927,0.24495811760425568,1.0973292589187622
0.014843553304672241,0.3540458679199219,1.103801965713501
0.12329298257827759,-0.08526882529258728,1.2709256410598755
0.11034020781517029,-0.1982319951057434,1.0140409469604492
0.2540551424026489,0.011911600828170776,0.8731999397277832
