0.0,0.0,0.8205623626708984
0.1181233823299408,0.0274173766374588,0.8402266502380371
0.10019756853580475,0.02042675018310547,0.45897525548934937
0.07339489459991455,-0.10894525051116943,0.05840188264846802
-0.12099628895521164,-0.04822224751114845,0.7996112108230591
-0.1262524127960205,-0.1226963996887207,0.3809306025505066
-0.16564401984214783,-0.3683987855911255,0.025940656661987305
-0.007765736896544695,-0.013464182615280151,1.047072410583496
-0.021894151344895363,-0.06214585900306702,1.297397494316101
-0.010875154286623001,0.0030050277709960938,1.457473635673523
-0.05682305991649628,-0.09879642724990845,1.4749408960342407
-0.17084956169128418,-0.05266156792640686,1.2536842823028564
-0.3890332877635956,-0.1499018371105194,1.0830700397491455
-0.2120901495218277,0.008495256304740906,0.9502887725830078
0.1361571103334427,-0.0602286159992218,1.279984951019287
0.3062324523925781,-0.08131270110607147,1.0964255332946777
0.22157719731330872,0.14031252264976501,1.048425316810608
