0.0,0.0,0.8205623626708984
0.07791882753372192,-0.048948246985673904,0.8207247853279114
-0.024886079132556915,-0.13958638906478882,0.4394334554672241
-0.14357800781726837,-0.30702465772628784,0.07073915004730225
-0.08756859600543976,0.01582868956029415,0.8166006803512573
-0.09954605996608734,-0.07129135727882385,0.4430762529373169
-0.17458967864513397,-0.2554028630256653,0.055518269538879395
-0.023467419669032097,-0.014729619026184082,1.0287340879440308
-0.06478190422058105,-0.0994933545589447,1.2565271854400635
-0.0014455383643507957,-0.029047608375549316,1.3963819742202759
-0.059877920895814896,-0.15593522787094116,1.4060131311416626
-0.18012432754039764,0.002539724111557007,1.2306532859802246
-0.27652469277381897,0.15796256065368652,1.0751941204071045
-0.03842833638191223,0.26091331243515015,1.0377856492996216
0.0862404853105545,-0.11496683955192566,1.2415919303894043
0.23045259714126587,-0.18614564836025238,1.1027960777282715
0.20180624723434448,0.08517187833786011,1.0557001829147339
