0.0,0.0,0.8205623626708984
0.0909331738948822,-0.03994416818022728,0.8247732520103455
0.07992369681596756,-0.07670199871063232,0.48238620162010193
-0.05619087070226669,-0.1647213101387024,0.10825729370117188
-0.10377432405948639,-0.000754084438085556,0.8119121789932251
-0.14184638857841492,-0.0756271481513977,0.42880940437316895
-0.13154007494449615,-0.305500864982605,0.08967733383178711
-0.011917543597519398,-0.002781018614768982,1.045253038406372
-0.0374288409948349,-0.055677443742752075,1.29249107837677
0.027219826355576515,0.010567069053649902,1.4284744262695312
-0.03480846434831619,-0.11951404809951782,1.4415059089660645
-0.16820400953292847,0.027805060148239136,1.2513532638549805
-0.2806534171104431,0.11769184470176697,1.0853792428970337
-0.03637373447418213,0.28987646102905273,1.0534086227416992
0.12102380394935608,-0.07626745104789734,1.2903499603271484
0.2063748836517334,-0.25982579588890076,1.1074634790420532
0.21224161982536316,-0.027179419994354248,0.9862360954284668
