0.0,0.0,0.8205623626708984
0.037115342915058136,-0.12005648761987686,0.8155862092971802
0.007660366594791412,-0.24435752630233765,0.4510231614112854
-0.1564553827047348,-0.4230545163154602,0.06749886274337769
-0.034051068127155304,0.11825942248106003,0.8271747827529907
0.24121196568012238,0.40411821007728577,0.6398303508758545
0.026665322482585907,0.3512897491455078,0.2989211678504944
-0.07942290604114532,-0.06994779407978058,1.0219391584396362
-0.153737410902977,-0.15262526273727417,1.2513304948806763
-0.08561059832572937,-0.1453973650932312,1.380795955657959
-0.14287921786308289,-0.25415414571762085,1.3916264772415161
-0.22579318284988403,-1.5228986740112305e-05,1.2425329685211182
-0.14681002497673035,0.25174498558044434,1.383506417274475
-0.161321759223938,0.0689123272895813,1.4976184368133545
-0.0464780293405056,-0.2220688760280609,1.2301549911499023
0.13382714986801147,-0.21763652563095093,1.234728455543518
0.07648888230323792,-0.17612487077713013,1.429370403289795
