0.0,0.0,0.8205623626708984
0.04717195779085159,-0.11023643612861633,0.8020223379135132
0.3163771331310272,0.15110723674297333,0.5535024404525757
0.10691235959529877,0.012403011322021484,0.18927180767059326
-0.0461868941783905,0.11348499357700348,0.8432632088661194
-0.0014006085693836212,0.1428757905960083,0.508162260055542
-0.05201563984155655,0.028533458709716797,0.1443849802017212
-0.009016231633722782,-0.03846168518066406,1.0378613471984863
-0.02803444117307663,-0.11610624194145203,1.27292799949646
0.0033797547221183777,-0.04140359163284302,1.4020726680755615
-0.0552196241915226,-0.17030510306358337,1.4123514890670776
-0.14221306145191193,0.0018019378185272217,1.2626352310180664
-0.25536617636680603,0.167829692363739,1.149122953414917
-0.05591675639152527,0.22147971391677856,1.0424926280975342
0.12711498141288757,-0.13614234328269958,1.2475700378417969
0.20101520419120789,-0.2483503669500351,1.0442585945129395
0.1968800574541092,0.0060506463050842285,0.9786715507507324
