0.0,0.0,0.8205623626708984
0.11772166192531586,0.032709456980228424,0.8368985056877136
0.21538104116916656,0.15308301150798798,0.5164206027984619
0.21479050815105438,0.03407663106918335,0.13393759727478027
-0.11811217665672302,-0.045353103429079056,0.805351972579956
-0.19019073247909546,0.06719374656677246,0.4565143585205078
-0.30435800552368164,-0.0010818839073181152,0.1052401065826416
0.012511573731899261,0.024630799889564514,1.0459647178649902
0.04416804760694504,0.03975525498390198,1.295660376548767
0.07541275024414062,0.08872038125991821,1.4076557159423828
0.03804714232683182,-0.004542827606201172,1.4306848049163818
-0.11199334263801575,0.04166829586029053,1.3034476041793823
-0.24303919076919556,0.17561891674995422,1.2066829204559326
-0.05598632991313934,0.25641322135925293,1.2903013229370117
0.20394955575466156,0.0788705050945282,1.242220401763916
0.22528743743896484,0.3268962502479553,1.0832163095474243
0.09340452402830124,0.46815478801727295,1.1603727340698242
