0.0,0.0,0.8205623626708984
-0.11225887387990952,-0.07912542670965195,0.7885749936103821
-0.14076396822929382,-0.3251390755176544,0.44925132393836975
-0.29485341906547546,-0.47687751054763794,0.059341490268707275
0.11521825939416885,0.07444138079881668,0.8530217409133911
0.060125380754470825,-0.4068259000778198,0.7966808080673218
0.08983276784420013,-0.3774868845939636,0.46307387948036194
-0.012596841901540756,0.0424378365278244,1.0546177625656128
-0.008435327559709549,0.052419692277908325,1.305861473083496
0.10877976566553116,-0.01720529794692993,1.4292371273040771
0.13943856954574585,0.07606637477874756,1.484047293663025
0.11945105344057083,0.11616846919059753,1.2951745986938477
0.24320881068706512,0.2215556800365448,1.0829237699508667
0.12588487565517426,-0.04413256049156189,1.0431885719299316
-0.15889309346675873,0.003585338592529297,1.258577823638916
-0.24574320018291473,-0.11549874395132065,0.9921540021896362
-0.3100871443748474,-0.271852046251297,0.7894481420516968
