0.0,0.0,0.8205623626708984
0.03102811425924301,-0.1201540157198906,0.8090106844902039
0.17379702627658844,-0.058217018842697144,0.521638810634613
0.04694557189941406,-0.1891595721244812,0.123923659324646
-0.025556787848472595,0.12206482887268066,0.8336120843887329
0.10873466730117798,0.3146798610687256,0.5250133275985718
-0.09465217590332031,0.24420064687728882,0.20429646968841553
-0.04170498996973038,-0.04184834659099579,1.03159499168396
-0.07672780752182007,-0.09322720766067505,1.2709975242614746
0.001977045089006424,-0.060871630907058716,1.369078278541565
-0.047284085303545,-0.1594821810722351,1.3866122961044312
-0.13361789286136627,0.05961933732032776,1.2609636783599854
-0.010346949100494385,0.32748451828956604,1.3005902767181396
-0.03824998438358307,0.21286076307296753,1.4552252292633057
0.0006404891610145569,-0.1860107183456421,1.2483302354812622
0.052951350808143616,-0.3531953692436218,1.1728521585464478
0.05626390874385834,-0.26509541273117065,1.3598507642745972
