0.0,0.0,0.8205623626708984
0.056900203227996826,-0.0924493595957756,0.8097046613693237
-0.011715345084667206,-0.21991565823554993,0.4316648542881012
-0.1290421038866043,-0.40113598108291626,0.06312370300292969
-0.0646917000412941,0.07105409353971481,0.830316424369812
-0.06837789714336395,0.07520925998687744,0.47706741094589233
-0.1750057488679886,-0.07647448778152466,0.10218262672424316
-0.005054553970694542,0.0006588995456695557,1.037260890007019
-0.018917266279459,-0.03088289499282837,1.2786176204681396
0.04583807289600372,0.0437389612197876,1.4072747230529785
-0.004432004876434803,-0.0724758505821228,1.4257314205169678
-0.13939671218395233,0.060490041971206665,1.234635591506958
-0.20361468195915222,0.2902226448059082,1.0958507061004639
0.03588113933801651,0.36358925700187683,1.1012818813323975
0.12264271080493927,-0.0756683349609375,1.2790553569793701
0.141233429312706,-0.2864581048488617,1.110718011856079
0.17917540669441223,-0.04823830723762512,1.004042148590088
