0.0,0.0,0.8205623626708984
0.046279095113277435,-0.10965871065855026,0.802994966506958
0.3109360933303833,0.14682504534721375,0.5504063367843628
0.10148679465055466,0.009602606296539307,0.19487279653549194
-0.045377954840660095,0.11299999058246613,0.8420896530151367
0.01965472474694252,0.1855589598417282,0.5238922834396362
-0.02636779472231865,0.07018411159515381,0.1632455587387085
-0.0037006286438554525,-0.029385045170783997,1.0352586507797241
-0.018895193934440613,-0.0948784351348877,1.2677899599075317
0.011203779838979244,-0.0182378888130188,1.4116532802581787
-0.04509730264544487,-0.13542887568473816,1.4215517044067383
-0.1356625109910965,0.01740303635597229,1.246514081954956
-0.23975476622581482,0.20943281054496765,1.1345930099487305
-0.015029817819595337,0.29848358035087585,1.0610853433609009
0.139166921377182,-0.11668798327445984,1.2479995489120483
0.20842355489730835,-0.23396292328834534,1.0466126203536987
0.21172930300235748,0.031745970249176025,0.985593318939209
