0.0,0.0,0.8205623626708984
0.09272284060716629,-0.02022700011730194,0.8158544301986694
0.08260194957256317,0.043564051389694214,0.4534275531768799
0.01954178512096405,-0.12344539165496826,0.11842894554138184
-0.10053559392690659,-0.0048918696120381355,0.8223717212677002
-0.1054810881614685,-0.11436378955841064,0.44775664806365967
-0.16556666791439056,-0.31162434816360474,0.07096397876739502
-0.004844682291150093,-0.016429945826530457,1.0323569774627686
-0.035514336079359055,-0.10534900426864624,1.2631915807724
0.021517295390367508,-0.037791311740875244,1.409016728401184
-0.030314046889543533,-0.15897953510284424,1.4204142093658447
-0.15246064960956573,-0.019600212574005127,1.226274013519287
-0.20872142910957336,0.22682155668735504,1.096433162689209
0.021135002374649048,0.35755598545074463,1.11273193359375
0.13159999251365662,-0.07529124617576599,1.265496015548706
0.29433661699295044,0.20282629132270813,1.280137538909912
0.24947641789913177,0.10581588745117188,1.4389071464538574
