0.0,0.0,0.8322667479515076
0.10338781774044037,-0.0011728312820196152,0.8339594006538391
0.09088068455457687,0.02676185965538025,0.44776880741119385
0.03219461441040039,-0.13019150495529175,0.06733894348144531
-0.10733731836080551,-0.01716732792556286,0.830398678779602
-0.14916211366653442,-0.019834816455841064,0.42533764243125916
-0.22641201317310333,-0.18881553411483765,0.04136019945144653
0.013383639976382256,-0.026238933205604553,1.0568861961364746
0.014203064143657684,-0.0895833969116211,1.3022453784942627
0.03332551196217537,-0.04645037651062012,1.4666411876678467
-0.0023395828902721405,-0.1189420223236084,1.489384412765503
-0.11013895273208618,-0.007154613733291626,1.2710208892822266
0.08713036775588989,0.24437639117240906,1.173246145248413
0.08735109120607376,0.12284007668495178,1.3552534580230713
0.177804633975029,-0.08173981308937073,1.2896900177001953
0.237855926156044,0.22384533286094666,1.2101565599441528
0.1569027602672577,0.09690380096435547,1.3854140043258667
