0.0,0.0,0.8322667479515076
0.11699513345956802,0.050609707832336426,0.8382741212844849
0.12970657646656036,0.16642583906650543,0.5181046724319458
0.14608679711818695,0.03435391187667847,0.13346785306930542
-0.11867760121822357,-0.06312862038612366,0.8263880014419556
-0.18993772566318512,-0.13375476002693176,0.43540289998054504
-0.25876015424728394,-0.3091117739677429,0.04084646701812744
0.021528663113713264,-0.03664068877696991,1.046812653541565
0.019168388098478317,-0.1380593180656433,1.2811533212661743
0.03307836502790451,-0.039584994316101074,1.388340950012207
-0.0393698550760746,-0.2064186930656433,1.3974008560180664
-0.12078224122524261,-0.11245676875114441,1.2536871433258057
-0.30924028158187866,-0.24436615407466888,1.1101139783859253
-0.24901188910007477,0.006086662411689758,1.027254343032837
0.1885376125574112,-0.10609123110771179,1.2718737125396729
0.2725445032119751,-0.2147039771080017,1.2138099670410156
0.41267865896224976,-0.054956406354904175,1.1433418989181519
