0.0,0.0,0.8322667479515076
0.04682373255491257,-0.1057385504245758,0.8291898369789124
0.1385480761528015,-0.051364362239837646,0.48002779483795166
0.04895775020122528,-0.18283134698867798,0.07424432039260864
-0.04597930610179901,0.10627403855323792,0.8367827534675598
0.004891585558652878,0.1403658390045166,0.48080378770828247
-0.06042032688856125,0.0136491060256958,0.07502543926239014
-0.0228488240391016,-0.011414065957069397,1.059739589691162
-0.04204265773296356,-0.032650500535964966,1.3165173530578613
0.018422892317175865,0.03486603498458862,1.4209108352661133
-0.03530518338084221,-0.08458638191223145,1.4433257579803467
-0.15439863502979279,0.04856687784194946,1.2809791564941406
-0.1668204963207245,0.10351869463920593,1.1900583505630493
-0.07706771790981293,0.329614520072937,1.1661748886108398
0.06602990627288818,-0.1147940456867218,1.307568073272705
-0.005564749240875244,-0.345503568649292,1.1661810874938965
0.11732806265354156,-0.23233523964881897,1.1663849353790283
