0.0,0.0,0.8322667479515076
0.1031607910990715,-0.014247739687561989,0.8401844501495361
0.07405700534582138,-0.005943238735198975,0.4589373469352722
-0.00814991444349289,-0.15225845575332642,0.08931940793991089
-0.1080547571182251,-0.012454289942979813,0.8218019008636475
-0.11927186697721481,-0.043126583099365234,0.44176071882247925
-0.19488950073719025,-0.22417205572128296,0.0680534839630127
-0.030334394425153732,-0.021733358502388,1.052758812904358
-0.07581999897956848,-0.09272685647010803,1.2940917015075684
-0.04342297464609146,-0.03476601839065552,1.4230059385299683
-0.10460154712200165,-0.16299280524253845,1.437099575996399
-0.19481419026851654,-0.004805237054824829,1.2568411827087402
-0.17041730880737305,0.2360963225364685,1.0933252573013306
0.03819674253463745,0.37280410528182983,1.1987136602401733
0.09509674459695816,-0.07316583395004272,1.299565315246582
0.31077373027801514,0.1513659954071045,1.2380011081695557
0.2219785451889038,0.3958675265312195,1.2963814735412598
