0.0,0.0,0.8322667479515076
0.0327841117978096,-0.11903828382492065,0.8266172409057617
0.25468114018440247,0.07007347047328949,0.5559213757514954
0.1259097307920456,-0.05252021551132202,0.14601314067840576
-0.029614947736263275,0.12066514790058136,0.8409473896026611
0.15335509181022644,0.3348822295665741,0.5575230717658997
0.05445438623428345,0.24062058329582214,0.1562400460243225
-0.05214444920420647,-0.04373355209827423,1.0384517908096313
-0.08437450975179672,-0.07670101523399353,1.273913860321045
-0.012149878777563572,-0.04145604372024536,1.3844643831253052
-0.06293441355228424,-0.1436108946800232,1.4068105220794678
-0.17998717725276947,0.053895771503448486,1.2454497814178467
-0.04455830156803131,0.2737361192703247,1.091571569442749
0.12784028053283691,0.2071368396282196,1.1914401054382324
0.023288466036319733,-0.1656249761581421,1.259878396987915
-0.023362774401903152,-0.2709009051322937,1.0207910537719727
0.16378644108772278,-0.07164238393306732,1.0731936693191528
