0.0,0.0,0.8322667479515076
0.04239471256732941,-0.1081906259059906,0.8255090713500977
0.27912479639053345,0.1133388876914978,0.5556156635284424
0.1699187159538269,0.0054555535316467285,0.1355920433998108
-0.03877267241477966,0.11242980509996414,0.8421376943588257
0.12528477609157562,0.3023003339767456,0.5589632987976074
0.017313364893198013,0.2080075740814209,0.1373523473739624
-0.04440070688724518,-0.042056068778038025,1.043932557106018
-0.09024596959352493,-0.12464824318885803,1.2754864692687988
-0.03841095790266991,-0.09039685130119324,1.3825962543487549
-0.0965089425444603,-0.207537442445755,1.3948252201080322
-0.20709332823753357,-0.02734905481338501,1.2593557834625244
-0.42008504271507263,-0.013643503189086914,1.261220932006836
-0.5513474941253662,0.03633147478103638,1.3545794486999512
0.06349627673625946,-0.129728764295578,1.26544189453125
0.2618437707424164,0.06075024604797363,1.1500526666641235
0.1783597767353058,0.29800131916999817,1.2249906063079834
