0.0,0.0,0.8322667479515076
0.1276128590106964,0.0631822794675827,0.8451127409934998
0.11529459804296494,0.15014462172985077,0.4786364734172821
0.08785560727119446,0.030348777770996094,0.06602483987808228
-0.12360584735870361,-0.07106397300958633,0.820380687713623
-0.2092331349849701,-0.04935327172279358,0.44694018363952637
-0.25833046436309814,-0.21386581659317017,0.03774237632751465
0.0013417837908491492,-0.011450722813606262,1.0703473091125488
-0.0012898733839392662,-0.05839341878890991,1.3325724601745605
0.018385183066129684,-0.011563897132873535,1.4428467750549316
-0.038475316017866135,-0.142913818359375,1.4589130878448486
-0.15277934074401855,-0.06210047006607056,1.2991130352020264
-0.37027499079704285,-0.18563082814216614,1.2508301734924316
-0.42688676714897156,0.0126112699508667,1.318269968032837
0.16882938146591187,-0.011953115463256836,1.3266276121139526
0.3504028916358948,0.15357106924057007,1.3514673709869385
0.4919658899307251,0.2351686656475067,1.386134147644043
