0.0,0.0,0.8322667479515076
0.1267392933368683,0.06002379208803177,0.8453496098518372
0.1418863981962204,0.33493873476982117,0.5423529148101807
0.1605694591999054,0.21667414903640747,0.13387012481689453
-0.12032569199800491,-0.06462925672531128,0.8232071399688721
-0.1680258810520172,0.18117649853229523,0.5143921375274658
-0.2249695509672165,-0.0026862621307373047,0.09584760665893555
-0.016211191192269325,-0.04236382246017456,1.0528557300567627
-0.046813830733299255,-0.12650349736213684,1.2892787456512451
-0.029993565753102303,-0.10702255368232727,1.4048995971679688
-0.0721500888466835,-0.1961604356765747,1.4270820617675781
-0.17622177302837372,-0.03980746865272522,1.2445228099822998
-0.026890315115451813,0.2152138203382492,1.123207449913025
0.10882967710494995,0.115166574716568,1.223587989807129
0.13192787766456604,-0.10586977005004883,1.304753065109253
0.2138116955757141,0.16485419869422913,1.1670846939086914
0.026561535894870758,0.20057815313339233,1.2523410320281982
