0.0,0.0,0.8322667479515076
0.04720795899629593,-0.10581456869840622,0.8255555033683777
0.17222042381763458,-0.034534990787506104,0.48821476101875305
0.07648114860057831,-0.21221113204956055,0.10410809516906738
-0.04740016162395477,0.10740240663290024,0.8418429493904114
0.0033162683248519897,0.1364540457725525,0.4776619076728821
-0.08091771602630615,-0.008483171463012695,0.09994727373123169
-0.022998156026005745,-0.035959795117378235,1.0569108724594116
-0.04947710782289505,-0.10111600160598755,1.3029948472976685
-0.019220683723688126,-0.06278294324874878,1.4586832523345947
-0.05574534088373184,-0.1410278081893921,1.4792437553405762
-0.1561392992734909,0.023153483867645264,1.2845556735992432
-0.01624859869480133,0.311143696308136,1.2146060466766357
0.04080574959516525,0.20462888479232788,1.3776025772094727
0.09905672073364258,-0.12844368815422058,1.2771100997924805
0.24727368354797363,0.12945252656936646,1.1568559408187866
0.20349541306495667,0.22992199659347534,1.3216711282730103
