0.0,0.0,0.8322667479515076
0.09553059935569763,-0.0024699578061699867,0.8382023572921753
0.09474878013134003,0.049131929874420166,0.4733024537563324
0.038500964641571045,-0.06031668186187744,0.10482966899871826
-0.09942113608121872,-0.019208313897252083,0.8234425783157349
-0.12111416459083557,-0.08041068911552429,0.438310444355011
-0.1881588250398636,-0.26038414239883423,0.06474912166595459
-0.022556249052286148,-0.028547927737236023,1.040813684463501
-0.0642281025648117,-0.1245373785495758,1.2681751251220703
-0.030074812471866608,-0.07347846031188965,1.4049402475357056
-0.08404304832220078,-0.1932041049003601,1.417172908782959
-0.16916346549987793,-0.023201048374176025,1.2436403036117554
-0.15147577226161957,0.24819964170455933,1.1186439990997314
0.0784129798412323,0.3715943396091461,1.2230228185653687
0.10108351707458496,-0.08984524011611938,1.2621707916259766
0.3271426856517792,0.14068883657455444,1.2344813346862793
0.24923333525657654,0.386016845703125,1.3092881441116333
