0.0,0.0,0.8322667479515076
0.10509918630123138,-0.005338781978935003,0.8413721323013306
0.19801807403564453,0.17449645698070526,0.5459737181663513
0.18213516473770142,0.02975219488143921,0.13602477312088013
-0.11435995250940323,-0.023036198690533638,0.8203852772712708
-0.13736745715141296,-0.11896824836730957,0.42966657876968384
-0.20188115537166595,-0.2942311763763428,0.023219764232635498
-0.002970899222418666,-0.029225453734397888,1.058761715888977
-0.01778687909245491,-0.10629525780677795,1.307241439819336
0.008465100079774857,-0.03707462549209595,1.425836443901062
-0.057140011340379715,-0.18261444568634033,1.4393668174743652
-0.15405163168907166,-0.04811146855354309,1.2867534160614014
-0.2776595950126648,-0.07141697406768799,1.1823303699493408
-0.12002438306808472,0.22799083590507507,1.1961538791656494
0.1453453004360199,-0.10283428430557251,1.2896136045455933
0.32762256264686584,-0.13056325912475586,1.238095760345459
0.3429343104362488,0.1179952323436737,1.2366633415222168
