0.0,0.0,0.8322667479515076
0.10775325447320938,-0.026955369859933853,0.8410472273826599
0.11066495627164841,0.0487598180770874,0.49887773394584656
0.005523897707462311,-0.12213575839996338,0.12427341938018799
-0.11391416937112808,-0.002515209373086691,0.8217767477035522
-0.07869204133749008,0.06497031450271606,0.4845830798149109
-0.1676810085773468,-0.14076179265975952,0.11230689287185669
-0.03845108300447464,-0.020050078630447388,1.0592308044433594
-0.09067513048648834,-0.07796627283096313,1.3063255548477173
-0.06471486389636993,-0.008764982223510742,1.4193663597106934
-0.13274991512298584,-0.1531650424003601,1.4328625202178955
-0.22594930231571198,0.005059748888015747,1.2641853094100952
-0.2642945945262909,0.14676842093467712,1.0398306846618652
-0.025044292211532593,0.30235952138900757,1.1252310276031494
0.08925742655992508,-0.07573351263999939,1.316910982131958
0.26770925521850586,0.03199222683906555,1.146334171295166
0.18611040711402893,0.2741250693798065,1.1923280954360962
