0.0,0.0,0.8322667479515076
0.08508656919002533,-0.038028277456760406,0.8354257345199585
0.06569657474756241,-0.07615295052528381,0.4790649116039276
-0.01431487500667572,-0.23663216829299927,0.10657089948654175
-0.09923133254051208,-0.006326155737042427,0.8238224983215332
-0.1279449611902237,-0.06947198510169983,0.4709385633468628
-0.22212713956832886,-0.25185877084732056,0.09721189737319946
-0.016645004972815514,0.006244584918022156,1.047900676727295
-0.05016237497329712,-0.05593261122703552,1.2880749702453613
-0.0012668091803789139,0.021431446075439453,1.391514539718628
-0.07550465315580368,-0.13983267545700073,1.4017269611358643
-0.1774158924818039,0.017427891492843628,1.261680006980896
-0.39240148663520813,0.019270271062850952,1.2292413711547852
-0.5212259292602539,0.1881675124168396,1.2795695066452026
0.10021086037158966,-0.0698615312576294,1.2775682210922241
0.2248993217945099,-0.1822362244129181,1.2259888648986816
0.41743960976600647,-0.18287783861160278,1.2403850555419922
