0.0,0.0,0.8322667479515076
0.04399681091308594,-0.09647847712039948,0.8283520936965942
0.2632596492767334,0.1102197915315628,0.5514150261878967
0.1654668152332306,-0.018143534660339355,0.1478595733642578
-0.042304374277591705,0.09849525988101959,0.8373971581459045
0.0628710612654686,0.18923616409301758,0.5338708162307739
-0.04119293391704559,0.08329850435256958,0.13876652717590332
-0.024600090458989143,-0.0299968421459198,1.0440905094146729
-0.05412477254867554,-0.12142825126647949,1.2698501348495483
-0.013159244321286678,-0.08462560176849365,1.3490331172943115
-0.07514211535453796,-0.20208173990249634,1.3621411323547363
-0.1750131994485855,-0.03947705030441284,1.2786437273025513
-0.3611200451850891,-0.04484117031097412,1.3775129318237305
-0.5108534693717957,-0.03576475381851196,1.5053637027740479
0.10991371423006058,-0.08466389775276184,1.2432618141174316
0.21559807658195496,0.17596465349197388,1.1470320224761963
0.14923062920570374,0.39365777373313904,1.2490612268447876
