0.0,0.0,0.8322667479515076
0.11173801124095917,0.020967930555343628,0.8370891213417053
0.11371121555566788,0.11612749099731445,0.48299798369407654
0.11098703742027283,-0.00039011240005493164,0.08076351881027222
-0.11433987319469452,-0.03544069081544876,0.8275597095489502
-0.14691776037216187,-0.06226751208305359,0.4281346797943115
-0.2059321403503418,-0.21117860078811646,0.03315770626068115
0.014495301991701126,-0.05078327655792236,1.0357623100280762
0.0034925639629364014,-0.1612512767314911,1.2575693130493164
0.00986698642373085,-0.08273196220397949,1.369535207748413
-0.04674294590950012,-0.22569337487220764,1.382175326347351
-0.11330784112215042,-0.06728613376617432,1.2382673025131226
-0.022221624851226807,0.09105060994625092,1.0884943008422852
0.15301260352134705,0.23578979074954987,1.0185515880584717
0.17970484495162964,-0.12109950184822083,1.252140760421753
0.37056514620780945,0.10999515652656555,1.1456408500671387
0.26187941431999207,0.33360734581947327,1.1962344646453857
