0.0,0.0,0.8322667479515076
0.10030398517847061,-0.0036495779640972614,0.8399132490158081
0.08702203631401062,0.023010432720184326,0.45583575963974
0.02394154667854309,-0.09404784440994263,0.07828885316848755
-0.10446445643901825,-0.01888887584209442,0.8222686648368835
-0.12589728832244873,-0.08037301898002625,0.4263380765914917
-0.1922394037246704,-0.2584593892097473,0.04542183876037598
-0.02368304505944252,-0.030111268162727356,1.0464859008789062
-0.06431165337562561,-0.12119942903518677,1.2792701721191406
-0.03193165734410286,-0.06856536865234375,1.4254790544509888
-0.08637674152851105,-0.18624642491340637,1.4391449689865112
-0.1774841994047165,-0.027229100465774536,1.2506778240203857
-0.1625780165195465,0.23830842971801758,1.1158463954925537
0.07252650707960129,0.36232224106788635,1.2224608659744263
0.10447010397911072,-0.0916004478931427,1.2733423709869385
0.32921114563941956,0.13845601677894592,1.2387588024139404
0.24659311771392822,0.3903108537197113,1.31144118309021
