0.0,0.0,0.8322667479515076
0.1063431054353714,0.011352458968758583,0.8411757946014404
0.1163947731256485,0.08917930722236633,0.47979333996772766
0.06984226405620575,-0.012912452220916748,0.10763239860534668
-0.10909859836101532,-0.0315435566008091,0.8213421106338501
-0.12985998392105103,-0.09075820446014404,0.4330393970012665
-0.1881621927022934,-0.26979559659957886,0.05360478162765503
-0.0198507122695446,-0.026677951216697693,1.0508674383163452
-0.05374836176633835,-0.11039665341377258,1.2895667552947998
-0.021130355075001717,-0.06419247388839722,1.4253711700439453
-0.07535126805305481,-0.18195903301239014,1.4407925605773926
-0.1684146672487259,-0.022025108337402344,1.2652697563171387
-0.15936216711997986,0.24465647339820862,1.140678882598877
0.07442238181829453,0.3715377748012543,1.2474867105484009
0.11529485136270523,-0.07538649439811707,1.2819373607635498
0.33418476581573486,0.15408605337142944,1.2640386819839478
0.24406158924102783,0.38791078329086304,1.3481879234313965
