0.0,0.0,0.8322667479515076
0.09479976445436478,-0.005602589808404446,0.8390423059463501
0.08398165553808212,0.025100290775299072,0.46152645349502563
0.02147887647151947,-0.09046691656112671,0.08941376209259033
-0.09866545349359512,-0.016508009284734726,0.8230065107345581
-0.12373226135969162,-0.06598019599914551,0.43399518728256226
-0.18703675270080566,-0.23747485876083374,0.0569424033164978
-0.02222595363855362,-0.025684058666229248,1.0395532846450806
-0.06452882289886475,-0.1173458993434906,1.2656304836273193
-0.02897820621728897,-0.0629044771194458,1.4122394323349
-0.07935436815023422,-0.17458409070968628,1.425994873046875
-0.1733902543783188,-0.017737507820129395,1.231270670890808
-0.13864384591579437,0.2520323693752289,1.0988645553588867
0.08240552991628647,0.3532576262950897,1.2247767448425293
0.10067477822303772,-0.09325677156448364,1.2623910903930664
0.31330472230911255,0.1462281346321106,1.1947274208068848
0.22606682777404785,0.34878867864608765,1.3070566654205322
