0.0,0.0,0.8322667479515076
0.09197140485048294,-0.018998561426997185,0.8384526371955872
0.05684502422809601,-0.039819926023483276,0.46549129486083984
-0.02680572122335434,-0.1883230209350586,0.09368908405303955
-0.09844476729631424,-0.011450884863734245,0.8225739598274231
-0.12820637226104736,-0.06360799074172974,0.4565725028514862
-0.20648476481437683,-0.2574852705001831,0.08116430044174194
-0.02818136289715767,-0.019062653183937073,1.045684814453125
-0.07058144360780716,-0.09452271461486816,1.2805674076080322
-0.02889128401875496,-0.03983616828918457,1.4241681098937988
-0.08015398681163788,-0.1519906222820282,1.439512014389038
-0.18328186869621277,0.00018018484115600586,1.2483967542648315
-0.15567795932292938,0.24920061230659485,1.0899899005889893
0.06266815960407257,0.39118003845214844,1.1624826192855835
0.08478947728872299,-0.09384515881538391,1.2719900608062744
0.29647326469421387,0.0849524736404419,1.1627670526504517
0.2593574523925781,0.33474162220954895,1.189754605293274
