0.0,0.0,0.8322667479515076
0.12112180888652802,0.07178911566734314,0.8379616737365723
0.14774386584758759,0.36763787269592285,0.5586633086204529
0.16480252146720886,0.1829623579978943,0.14037716388702393
-0.11949383467435837,-0.07754369080066681,0.8281054496765137
-0.226381316781044,0.04220333695411682,0.5012568235397339
-0.2458590716123581,-0.1289857029914856,0.0787234902381897
0.01588176190853119,-0.06156827509403229,1.0500829219818115
0.009114138782024384,-0.18859505653381348,1.277422547340393
0.003510788083076477,-0.1457025706768036,1.4022583961486816
-0.049752529710531235,-0.26981741189956665,1.4164890050888062
-0.1393311619758606,-0.14497646689414978,1.247070550918579
-0.38207048177719116,-0.19716423749923706,1.0999586582183838
-0.5301087498664856,0.004561662673950195,1.0649397373199463
0.2027786821126938,-0.1336391270160675,1.2835078239440918
0.4786550998687744,0.00702783465385437,1.2589750289916992
0.73321932554245,0.1665930449962616,1.2076449394226074
