0.0,0.0,0.8322667479515076
0.10720481723546982,-0.025422513484954834,0.8409417271614075
0.07786811888217926,-0.011164486408233643,0.4571942389011383
-0.020906858146190643,-0.16721290349960327,0.0780678391456604
-0.11383990198373795,-0.005138615611940622,0.8215593695640564
-0.10249780863523483,0.015351831912994385,0.4513857662677765
-0.18292123079299927,-0.170637845993042,0.0693124532699585
-0.03632504492998123,-0.024704933166503906,1.0569002628326416
-0.08735521137714386,-0.09058085083961487,1.301316499710083
-0.055772580206394196,-0.01650899648666382,1.407785415649414
-0.12778577208518982,-0.16745805740356445,1.4193484783172607
-0.22026504576206207,-0.003918975591659546,1.2624443769454956
-0.2460039258003235,0.16272446513175964,1.0544614791870117
-0.01787737011909485,0.31410083174705505,1.146632432937622
0.09195151925086975,-0.08470949530601501,1.3121682405471802
0.2750205397605896,0.05050364136695862,1.1752562522888184
0.2233809232711792,0.29674363136291504,1.226193904876709
