0.0,0.0,0.8322667479515076
0.04769684374332428,-0.11544394493103027,0.8328955173492432
0.10350075364112854,-0.17025282979011536,0.44231587648391724
0.031247302889823914,-0.279929518699646,0.0031524300575256348
-0.048088639974594116,0.11470117419958115,0.8360424637794495
0.13179557025432587,0.34451520442962646,0.5325036644935608
-0.015675127506256104,0.2751278877258301,0.08102351427078247
-0.0634351372718811,-0.05310559272766113,1.033143162727356
-0.1225663423538208,-0.13403287529945374,1.2521402835845947
-0.051115021109580994,-0.07514989376068115,1.402876377105713
-0.11818598210811615,-0.21280726790428162,1.4185314178466797
-0.25004467368125916,-0.010300755500793457,1.2270177602767944
-0.31317004561424255,0.22908100485801697,1.0773557424545288
-0.10083173215389252,0.2502536177635193,1.224439024925232
0.04329557716846466,-0.16603723168373108,1.2376575469970703
0.16977138817310333,-0.21193823218345642,1.0047274827957153
0.37689313292503357,-0.08460196107625961,0.8415789604187012
