0.0,0.0,0.8322667479515076
0.10924316197633743,0.0030186264775693417,0.8334870934486389
0.09734469652175903,0.05286651849746704,0.4729284346103668
0.021057575941085815,-0.10339552164077759,0.07587730884552002
-0.11453172564506531,-0.03279438614845276,0.8279145359992981
-0.20058006048202515,-0.1201813817024231,0.45057642459869385
-0.3266984820365906,-0.2830279469490051,0.05268239974975586
-0.0007165416609495878,-0.022419601678848267,1.058640480041504
-0.01214979775249958,-0.10221642255783081,1.3061155080795288
0.014662832021713257,-0.05354386568069458,1.3983252048492432
-0.05533997714519501,-0.19665929675102234,1.4109010696411133
-0.15485355257987976,-0.06116870045661926,1.2865945100784302
-0.38648900389671326,-0.07354331016540527,1.3266680240631104
-0.5340075492858887,0.04522424936294556,1.4298665523529053
0.1651236116886139,-0.058889687061309814,1.2977567911148071
0.3591819405555725,0.14148202538490295,1.170279860496521
0.26685860753059387,0.34743615984916687,1.259728193283081
