0.0,0.0,0.8322667479515076
0.09645184129476547,-0.021621769294142723,0.8383661508560181
0.0938568189740181,0.012582182884216309,0.4766835868358612
0.00842287391424179,-0.1367080807685852,0.11813384294509888
-0.10253717005252838,-0.005477799568325281,0.8228563070297241
-0.11270536482334137,-0.04773211479187012,0.45177018642425537
-0.1820390522480011,-0.24064326286315918,0.0863153338432312
-0.02618534117937088,-0.02020743489265442,1.0515239238739014
-0.06584779918193817,-0.09695151448249817,1.2916638851165771
-0.016286510974168777,-0.05004817247390747,1.432978630065918
-0.06828196346759796,-0.16698801517486572,1.4487452507019043
-0.17826661467552185,-0.0015426576137542725,1.2606302499771118
-0.16342946887016296,0.2587226629257202,1.1158264875411987
0.0540970116853714,0.3959317207336426,1.220283031463623
0.0970781221985817,-0.07629871368408203,1.2871243953704834
0.3084944784641266,0.16387277841567993,1.2344691753387451
0.22468121349811554,0.40748870372772217,1.313260555267334
