0.0,0.0,0.8322667479515076
0.04508955776691437,-0.11200075596570969,0.8257896900177002
0.2555607259273529,0.10782767832279205,0.5432411432266235
0.17365676164627075,0.004136502742767334,0.13034576177597046
-0.04378638416528702,0.11406722664833069,0.841579258441925
0.09970051050186157,0.297758013010025,0.5286308526992798
0.05287304148077965,0.2122361660003662,0.131541907787323
-0.012659582309424877,-0.007672116160392761,1.0556648969650269
-0.02159888856112957,-0.020618528127670288,1.3055466413497925
0.026549383997917175,0.0362359881401062,1.4190549850463867
-0.02111465111374855,-0.06542956829071045,1.4424272775650024
-0.11047372221946716,0.10711675882339478,1.2773280143737793
0.12100516259670258,0.3295150697231293,1.2093794345855713
0.16396325826644897,0.11755916476249695,1.2635242938995361
0.08139346539974213,-0.11550271511077881,1.2894506454467773
-0.05085548758506775,-0.3154921531677246,1.1604859828948975
0.10118934512138367,-0.23218561708927155,1.213761329650879
