0.0,0.0,0.8322667479515076
0.09378542006015778,-0.01044002640992403,0.8379655480384827
0.09876459091901779,0.04090529680252075,0.4780729413032532
0.027495406568050385,-0.08341479301452637,0.11701053380966187
-0.09786879271268845,-0.01230563409626484,0.8232316970825195
-0.11719241738319397,-0.04803299903869629,0.45209142565727234
-0.1861194372177124,-0.23343771696090698,0.08609896898269653
-0.025579392910003662,-0.024472609162330627,1.042644739151001
-0.07134035229682922,-0.11533945798873901,1.2723844051361084
-0.03667067736387253,-0.06544357538223267,1.4216110706329346
-0.08671563118696213,-0.17539644241333008,1.4335732460021973
-0.17095717787742615,-0.00788414478302002,1.2391376495361328
-0.12198640406131744,0.2740003764629364,1.123557209968567
0.07256297022104263,0.3718249499797821,1.2747752666473389
0.09005065262317657,-0.08746448159217834,1.2706952095031738
0.31262385845184326,0.15291306376457214,1.2631640434265137
0.2510095238685608,0.37192732095718384,1.3530505895614624
