0.0,0.0,0.8322667479515076
0.10114601999521255,-0.026271093636751175,0.8356345891952515
0.06710560619831085,-0.05565178394317627,0.45644059777259827
-0.02602759748697281,-0.22086572647094727,0.07879596948623657
-0.1127595454454422,-0.012280002236366272,0.824867844581604
-0.12937390804290771,-0.10331344604492188,0.4432693123817444
-0.2196965366601944,-0.3121994137763977,0.059134721755981445
-0.01841876097023487,-0.01235683262348175,1.0627018213272095
-0.03799040615558624,-0.06259340047836304,1.315744400024414
-0.001276838593184948,-0.01972365379333496,1.4716829061508179
-0.04812981188297272,-0.12598800659179688,1.490190029144287
-0.17993994057178497,0.005047202110290527,1.2976826429367065
-0.18583908677101135,0.23414567112922668,1.1352460384368896
0.0320822149515152,0.39156150817871094,1.2114065885543823
0.12644968926906586,-0.07049661874771118,1.2839226722717285
0.20762479305267334,-0.06210052967071533,1.0540127754211426
0.1493247002363205,0.19624121487140656,0.9839154481887817
