0.0,0.0,0.8322667479515076
0.05718865245580673,-0.10820462554693222,0.823511004447937
0.14704738557338715,-0.10420182347297668,0.467793732881546
0.0776764452457428,-0.24130362272262573,0.058907389640808105
-0.057859987020492554,0.10844951122999191,0.8449001908302307
0.03831660374999046,0.20859837532043457,0.5033764839172363
-0.06155528873205185,0.07554101943969727,0.08673244714736938
-0.04511517658829689,-0.06213715672492981,1.0381747484207153
-0.08896449208259583,-0.14628174901008606,1.2636178731918335
-0.05046841874718666,-0.08533996343612671,1.402745246887207
-0.11125336587429047,-0.2185998558998108,1.410623550415039
-0.20240406692028046,-0.017246484756469727,1.2505466938018799
-0.1455232948064804,0.21797561645507812,1.0690484046936035
0.1136656180024147,0.25555357336997986,1.0961445569992065
0.06807596236467361,-0.1725049614906311,1.2437381744384766
0.1022101491689682,-0.22368676960468292,0.9934731721878052
0.20002010464668274,-0.052708983421325684,0.8120269179344177
