0.0,0.0,0.8322667479515076
0.07107111066579819,-0.07248131185770035,0.8275512456893921
0.08277840167284012,-0.06396457552909851,0.45235976576805115
0.00790484994649887,-0.21185290813446045,0.053112804889678955
-0.07442566007375717,0.059617310762405396,0.8359325528144836
-0.03720632195472717,0.11146378517150879,0.49830397963523865
-0.1449814736843109,-0.015727519989013672,0.08504283428192139
-0.018575187772512436,-0.03322222828865051,1.0488665103912354
-0.04225371778011322,-0.12332963943481445,1.2839562892913818
0.027422569692134857,-0.08638793230056763,1.3777140378952026
-0.03926317021250725,-0.21960923075675964,1.3904697895050049
-0.1683577597141266,-0.043764710426330566,1.2812128067016602
-0.3953949213027954,-0.04838100075721741,1.3227458000183105
-0.2847529947757721,0.15942609310150146,1.3898595571517944
0.11769382655620575,-0.10276183485984802,1.2615320682525635
0.30230528116226196,0.10199394822120667,1.1297426223754883
0.21755766868591309,0.3326937258243561,1.2427830696105957
