0.0,0.0,0.8322667479515076
0.09492093324661255,-0.0089047159999609,0.8398202657699585
0.09080706536769867,0.030091524124145508,0.46925413608551025
0.01981198787689209,-0.09301447868347168,0.105410635471344
-0.09908783435821533,-0.014333963394165039,0.8220050930976868
-0.11807897686958313,-0.050217121839523315,0.4426817297935486
-0.18737700581550598,-0.22931021451950073,0.07666605710983276
-0.025877656415104866,-0.02465924620628357,1.0435062646865845
-0.0693594217300415,-0.11283361911773682,1.2755793333053589
-0.03422050178050995,-0.06000065803527832,1.4233222007751465
-0.08380326628684998,-0.16985377669334412,1.4411897659301758
-0.1746193915605545,-0.007370293140411377,1.2442526817321777
-0.12285135686397552,0.27645862102508545,1.138559103012085
0.07080435007810593,0.3523024916648865,1.2957261800765991
0.09523247927427292,-0.0865742564201355,1.2703087329864502
0.3124716877937317,0.15395739674568176,1.2670940160751343
0.23472529649734497,0.334379643201828,1.372617483139038
