0.0,0.0,0.8322667479515076
0.09375490993261337,-0.011125005781650543,0.8383158445358276
0.07671168446540833,0.010567724704742432,0.4658714830875397
0.00466146320104599,-0.11277341842651367,0.09077179431915283
-0.09811539947986603,-0.012469508685171604,0.8233559131622314
-0.12050163745880127,-0.06242915987968445,0.43976426124572754
-0.18895548582077026,-0.23944401741027832,0.06216573715209961
-0.02506433054804802,-0.02552179992198944,1.0436866283416748
-0.06746050715446472,-0.11083066463470459,1.2747936248779297
-0.03491145744919777,-0.0555424690246582,1.4170362949371338
-0.0869060605764389,-0.17055344581604004,1.4315099716186523
-0.17729727923870087,-0.013528287410736084,1.243281364440918
-0.14664550125598907,0.2428327351808548,1.093071699142456
0.07526984810829163,0.3687252998352051,1.20168137550354
0.09654369950294495,-0.089975506067276,1.2708491086959839
0.3195447027683258,0.14092588424682617,1.2137126922607422
0.2585050165653229,0.3914835453033447,1.2846487760543823
