0.0,0.0,0.8322667479515076
0.12141957879066467,0.06655704230070114,0.8442524075508118
0.149356409907341,0.37005314230918884,0.5578470230102539
0.19820567965507507,0.23766100406646729,0.16094154119491577
-0.11641401052474976,-0.06977717578411102,0.8239057064056396
-0.14432086050510406,0.22576619684696198,0.5378862023353577
-0.16274549067020416,0.0046749114990234375,0.12716692686080933
-0.005398552864789963,-0.047561973333358765,1.0516061782836914
-0.019208721816539764,-0.12816914916038513,1.2903854846954346
-0.015976030379533768,-0.10827857255935669,1.415732502937317
-0.051533252000808716,-0.19242924451828003,1.4413743019104004
-0.1520300805568695,-0.04530718922615051,1.2582627534866333
0.021656379103660583,0.2136457860469818,1.1563174724578857
0.13159233331680298,0.08519408106803894,1.2713162899017334
0.1607428789138794,-0.10243943333625793,1.2901976108551025
0.19596153497695923,0.20445749163627625,1.198561668395996
0.03326378017663956,0.13908317685127258,1.3020625114440918
