0.0,0.0,0.8322667479515076
0.11983072757720947,0.0775461494922638,0.8420132398605347
0.1324547529220581,0.3622259497642517,0.5487183332443237
0.19840466976165771,0.21769094467163086,0.12587463855743408
-0.11725374311208725,-0.07976990193128586,0.823883056640625
-0.16447700560092926,0.1687278151512146,0.5091018676757812
-0.1529420018196106,-0.016647696495056152,0.09153670072555542
0.02316700667142868,-0.040753304958343506,1.0678268671035767
0.05500556528568268,-0.0906859040260315,1.3299161195755005
0.04270939528942108,-0.03134888410568237,1.419222354888916
0.0001400001347064972,-0.12210220098495483,1.449139952659607
-0.09471510350704193,-0.12742170691490173,1.3124327659606934
-0.21663960814476013,-0.3644053339958191,1.1992931365966797
-0.3332192301750183,-0.5799838900566101,1.1340961456298828
0.20715487003326416,-0.033956557512283325,1.3113980293273926
0.255588173866272,0.2479415237903595,1.3591442108154297
0.23263409733772278,0.2704717516899109,1.3952453136444092
