0.0,0.0,0.8322667479515076
0.07046222686767578,-0.0699830949306488,0.8311781287193298
0.12865425646305084,0.004913985729217529,0.49664539098739624
0.1249149739742279,-0.1285685896873474,0.1303606629371643
-0.07463935762643814,0.0580454058945179,0.8341488242149353
-0.01263958215713501,0.136626198887825,0.4859216511249542
-0.06685091555118561,-0.026446878910064697,0.09842580556869507
-0.00345405749976635,-0.017720356583595276,1.0494914054870605
-0.00995419267565012,-0.06044876575469971,1.2932353019714355
0.03389839082956314,0.01066213846206665,1.4060113430023193
-0.02177102491259575,-0.11282587051391602,1.4270224571228027
-0.11375470459461212,0.05801725387573242,1.2729848623275757
0.06734748184680939,0.32176902890205383,1.1945362091064453
0.14829859137535095,0.21712738275527954,1.2802143096923828
0.11832763254642487,-0.1126304566860199,1.274742603302002
-0.002656280994415283,-0.2605823874473572,1.05692720413208
0.21426209807395935,-0.06108330190181732,1.0603773593902588
