0.0,0.0,0.8322667479515076
0.07480157166719437,-0.055570900440216064,0.832752525806427
0.10549032688140869,0.013618558645248413,0.4637978971004486
0.051523543894290924,-0.09960293769836426,0.07027119398117065
-0.07498966157436371,0.045201875269412994,0.8330171704292297
-0.04688730090856552,0.07638093829154968,0.46654292941093445
-0.12212381511926651,-0.057231247425079346,0.06581097841262817
-0.0299553032964468,-0.027992650866508484,1.040270209312439
-0.059668440371751785,-0.07619285583496094,1.2751902341842651
-0.002677248790860176,-0.024842500686645508,1.3763034343719482
-0.04195930436253548,-0.11197561025619507,1.4058518409729004
-0.1703687310218811,0.035042792558670044,1.2367186546325684
-0.029043376445770264,0.2583876848220825,1.0963397026062012
0.12662185728549957,0.16223499178886414,1.1819524765014648
0.10027176141738892,-0.07276162505149841,1.2829574346542358
0.15927979350090027,0.1652713119983673,1.1276098489761353
-0.031393326818943024,0.1821858286857605,1.1889699697494507
