0.0,0.0,0.8322667479515076
0.07456318289041519,-0.05875305086374283,0.8316558003425598
0.11796809732913971,-0.04242229461669922,0.46224889159202576
0.0584452748298645,-0.21710163354873657,0.09382545948028564
-0.08565668761730194,0.031696513295173645,0.8302673697471619
-0.09808497130870819,-0.039725303649902344,0.43313807249069214
-0.17262554168701172,-0.23337101936340332,0.0540621280670166
-0.012880446389317513,-0.03192673623561859,1.0618120431900024
-0.031170377507805824,-0.10215127468109131,1.3132033348083496
-0.005893685854971409,-0.06297236680984497,1.4677760601043701
-0.04799702391028404,-0.14961129426956177,1.4886746406555176
-0.14807376265525818,0.004630297422409058,1.3022205829620361
-0.029482141137123108,0.29726994037628174,1.2427173852920532
0.053518813103437424,0.2148752212524414,1.3862025737762451
0.12629419565200806,-0.10956048965454102,1.2794419527053833
0.3050495982170105,0.10936284065246582,1.1485426425933838
0.20356133580207825,0.18646696209907532,1.3533865213394165
