0.0,0.0,0.8322667479515076
0.0725657120347023,-0.07156957685947418,0.8296865820884705
0.0635756105184555,-0.1029510498046875,0.443539559841156
-0.017834261059761047,-0.24469226598739624,0.04335516691207886
-0.07670026272535324,0.053124457597732544,0.8341389298439026
-0.04866752028465271,0.10071414709091187,0.4769130051136017
-0.14656952023506165,-0.04500371217727661,0.06301367282867432
-0.060278262943029404,-0.04989752173423767,1.0347384214401245
-0.1216375082731247,-0.12818235158920288,1.2642555236816406
-0.06930576264858246,-0.08335870504379272,1.3890724182128906
-0.13312600553035736,-0.22075065970420837,1.3991807699203491
-0.22225987911224365,0.0012218654155731201,1.2435450553894043
-0.079191654920578,0.25036102533340454,1.124258279800415
0.14376883208751678,0.16811951994895935,1.1683337688446045
0.023135796189308167,-0.1582157015800476,1.2523332834243774
-0.013073351234197617,-0.21500489115715027,1.008646845817566
-0.03888190910220146,-0.20076574385166168,0.7750129699707031
