0.0,0.0,0.8322667479515076
0.04376819729804993,-0.1075269803404808,0.8252757787704468
0.30297982692718506,0.1569521129131317,0.5668439269065857
0.22903019189834595,0.07754367589950562,0.13880187273025513
-0.040380410850048065,0.11278326064348221,0.8438188433647156
0.11895088106393814,0.3209346532821655,0.5442155599594116
0.034043215215206146,0.2219732403755188,0.13071209192276
-0.054581064730882645,-0.04860524833202362,1.0433470010757446
-0.0969901978969574,-0.09419253468513489,1.283684253692627
-0.048129934817552567,-0.06822201609611511,1.3866064548492432
-0.08331626653671265,-0.13917896151542664,1.4139854907989502
-0.20891131460666656,0.019161850214004517,1.2463937997817993
-0.10029731690883636,0.277533620595932,1.1275525093078613
0.05255620554089546,0.18828696012496948,1.215183138847351
0.06330063194036484,-0.10416513681411743,1.2922251224517822
0.07835210859775543,0.13966235518455505,1.1264008283615112
-0.11947101354598999,0.1326199769973755,1.2319544553756714
