0.0,0.0,0.8322667479515076
0.12263889610767365,0.06729278713464737,0.8402290940284729
0.1280677318572998,0.337952584028244,0.5395763516426086
0.15139080584049225,0.18775618076324463,0.13213086128234863
-0.11870437115430832,-0.06995002925395966,0.8267515897750854
-0.16131950914859772,0.17044518887996674,0.5111009478569031
-0.1805984377861023,0.005250692367553711,0.08503729104995728
0.005347466096282005,-0.07047350704669952,1.0467344522476196
-0.002246960997581482,-0.17720159888267517,1.2766454219818115
-0.021572846919298172,-0.13661807775497437,1.3951480388641357
-0.06275531649589539,-0.24405288696289062,1.4140230417251587
-0.1359013319015503,-0.10562059283256531,1.251321792602539
-0.0739276185631752,0.12163330614566803,1.0994982719421387
0.09779585152864456,0.13666588068008423,1.15086030960083
0.17500871419906616,-0.1458311676979065,1.2774126529693604
0.3924374282360077,0.08339416980743408,1.2318257093429565
0.3085173964500427,0.3307652175426483,1.24920654296875
