0.0,0.0,0.8322667479515076
0.11821184307336807,-0.019115852192044258,0.8438181281089783
0.17060121893882751,0.18918052315711975,0.526925802230835
0.06752581149339676,0.013707935810089111,0.144534170627594
-0.12097742408514023,-0.002587973140180111,0.8215331435203552
-0.03181303292512894,0.186208114027977,0.5057798624038696
-0.1244104728102684,-0.026146650314331055,0.1264517903327942
-0.03400572016835213,-0.008173391222953796,1.065093994140625
-0.06900756061077118,-0.021825402975082397,1.319862961769104
-0.035752251744270325,0.07405894994735718,1.389866590499878
-0.0913173258304596,-0.040941834449768066,1.4188132286071777
-0.22652506828308105,0.03509634733200073,1.273826003074646
-0.2927558422088623,0.11800304055213928,1.030479907989502
-0.05349786579608917,0.28289079666137695,1.0991747379302979
0.10893097519874573,-0.048906177282333374,1.333153486251831
0.2497912347316742,-0.03435811400413513,1.1250784397125244
0.1756100058555603,0.22133323550224304,1.157271146774292
