0.0,0.0,0.8322667479515076
0.055402278900146484,-0.10082541406154633,0.8281059265136719
0.24361036717891693,0.11788159608840942,0.5318180322647095
0.23389725387096405,0.046422600746154785,0.12198883295059204
-0.05449523776769638,0.10293978452682495,0.8401828408241272
0.0543971061706543,0.21176373958587646,0.49761471152305603
0.022380493581295013,0.08384907245635986,0.09836465120315552
-0.02424786053597927,-0.03859841823577881,1.0462636947631836
-0.039734501391649246,-0.08047130703926086,1.2856420278549194
0.0102953240275383,-0.026158630847930908,1.3989982604980469
-0.05064849555492401,-0.15252146124839783,1.4136841297149658
-0.14735183119773865,0.04779520630836487,1.2607431411743164
6.134063005447388e-05,0.2891520857810974,1.1269848346710205
0.15523067116737366,0.21380257606506348,1.2207368612289429
0.09459243714809418,-0.13745707273483276,1.273254632949829
0.019777663052082062,-0.22999362647533417,1.015735149383545
0.21268826723098755,-0.03732004761695862,1.059385895729065
