0.0,0.0,0.8322667479515076
0.08128801733255386,-0.05194844678044319,0.8317739367485046
0.10400059819221497,0.01641845703125,0.46981385350227356
0.03777613490819931,-0.1175985336303711,0.08433336019515991
-0.08322528004646301,0.03621562942862511,0.8334874510765076
-0.05171752721071243,0.11964868009090424,0.49076613783836365
-0.1653153896331787,-0.04389524459838867,0.11245650053024292
-0.030058104544878006,-0.02334703505039215,1.0469340085983276
-0.06403903663158417,-0.07134723663330078,1.2886669635772705
-0.021220829337835312,-0.03266263008117676,1.4078177213668823
-0.05911968648433685,-0.12026602029800415,1.4341332912445068
-0.18028877675533295,0.034654438495635986,1.2458453178405762
-0.01899830996990204,0.27507227659225464,1.126584529876709
0.10829043388366699,0.18218141794204712,1.242957353591919
0.10354741662740707,-0.06364521384239197,1.2980010509490967
0.1413588970899582,0.21472817659378052,1.1741235256195068
-0.036624446511268616,0.16563370823860168,1.2531962394714355
