0.0,0.0,0.8322667479515076
0.11241025477647781,0.07607720792293549,0.8362182378768921
0.1449207067489624,0.38713163137435913,0.5908085107803345
0.18189603090286255,0.22441330552101135,0.20110827684402466
-0.10990343987941742,-0.08005508780479431,0.8283302783966064
-0.23534004390239716,-0.005589842796325684,0.5279800891876221
-0.2426372915506363,-0.17807340621948242,0.13941216468811035
0.027829550206661224,-0.0313681960105896,1.0523079633712769
0.0767744854092598,-0.05047467350959778,1.2995903491973877
0.09148870408535004,0.032997846603393555,1.3817200660705566
0.05718808248639107,-0.04129403829574585,1.4105181694030762
-0.08514002710580826,-0.09436103701591492,1.2906476259231567
-0.3087913393974304,-0.17557144165039062,1.3619232177734375
-0.4229438602924347,-0.06600123643875122,1.504835844039917
0.22619466483592987,-0.03156757354736328,1.2637276649475098
0.46123453974723816,0.14945444464683533,1.2084362506866455
0.3925572633743286,0.37898096442222595,1.2558786869049072
