0.0,0.0,0.8322667479515076
0.03221627324819565,-0.11571697145700455,0.8247851133346558
0.2474370300769806,0.07240244746208191,0.5351513028144836
0.09125734120607376,-0.030485332012176514,0.11994409561157227
-0.029408372938632965,0.11823870241641998,0.8426069617271423
0.10893741250038147,0.2788276970386505,0.5384811162948608
-0.010825619101524353,0.1828029751777649,0.12588638067245483
-0.03847059980034828,-0.02481071650981903,1.0516443252563477
-0.07235756516456604,-0.0586206316947937,1.2958989143371582
-0.022918149828910828,-0.004255414009094238,1.4189618825912476
-0.07533059269189835,-0.10877072811126709,1.4419269561767578
-0.19419443607330322,0.031034857034683228,1.2538524866104126
-0.38972529768943787,0.11784544587135315,1.1387253999710083
-0.1765868365764618,0.3052970767021179,1.1899428367614746
0.0737878754734993,-0.09973210096359253,1.2996423244476318
0.23534290492534637,0.03575137257575989,1.219177484512329
0.05600181594491005,0.09829699993133545,1.2772703170776367
