0.0,0.0,0.8322667479515076
0.09594393521547318,-0.033854611217975616,0.8326538801193237
0.10097303241491318,0.045990198850631714,0.46476244926452637
0.028635576367378235,-0.0825420618057251,0.07800596952438354
-0.09968888759613037,0.0157756544649601,0.8320161700248718
-0.08965752273797989,0.10259902477264404,0.4728461802005768
-0.17104117572307587,-0.06779968738555908,0.0881006121635437
-0.007314402610063553,-0.03794609010219574,1.0545638799667358
-0.023962941020727158,-0.10817205905914307,1.2991986274719238
0.019976144656538963,-0.06683504581451416,1.4085845947265625
-0.031187711283564568,-0.1752687692642212,1.4306044578552246
-0.1403583586215973,0.010489702224731445,1.2663886547088623
0.01833125203847885,0.23829905688762665,1.1250507831573486
0.1560155600309372,0.10508355498313904,1.2097508907318115
0.14597474038600922,-0.09945324063301086,1.3063247203826904
0.21470655500888824,0.13129252195358276,1.1330077648162842
0.024303633719682693,0.1739002764225006,1.2142419815063477
