0.0,0.0,0.8322667479515076
0.03505691885948181,-0.11737369000911713,0.8232027888298035
0.15002401173114777,-0.08718940615653992,0.4837726056575775
0.04203815758228302,-0.2503772974014282,0.08814340829849243
-0.03407491743564606,0.11773327738046646,0.8446021676063538
0.036264751106500626,0.20636619627475739,0.49831902980804443
-0.056215800344944,0.08595556020736694,0.10988736152648926
-0.03866836428642273,-0.04469424486160278,1.0489988327026367
-0.07630934566259384,-0.11300569772720337,1.2894682884216309
-0.021898338571190834,-0.07573103904724121,1.4468185901641846
-0.06935207545757294,-0.16734209656715393,1.46846342086792
-0.1737360954284668,0.025759071111679077,1.273118257522583
0.00602366030216217,0.291826069355011,1.1795120239257812
0.02823489159345627,0.14626052975654602,1.3342783451080322
0.04326203465461731,-0.18847247958183289,1.255031704902649
-0.07614007592201233,-0.36568278074264526,1.0419886112213135
0.15622182190418243,-0.11790803074836731,1.1003892421722412
