0.0,0.0,0.8322667479515076
0.12304503470659256,0.05755389854311943,0.8440417647361755
0.11264745891094208,0.20858581364154816,0.5283990502357483
0.11544856429100037,0.03903621435165405,0.14171141386032104
-0.11884193122386932,-0.06500715017318726,0.8231410384178162
-0.17254045605659485,0.09933771193027496,0.5223789215087891
-0.23144091665744781,-0.09433931112289429,0.11083817481994629
0.004670976661145687,-0.038354769349098206,1.0455431938171387
-0.014873282983899117,-0.13619497418403625,1.2726809978485107
-0.0002034236676990986,-0.05182671546936035,1.4132070541381836
-0.06877831369638443,-0.20896142721176147,1.4171810150146484
-0.16019359230995178,-0.08484289050102234,1.2315075397491455
-0.20174717903137207,-0.1768069565296173,0.9807379841804504
-0.24360555410385132,-0.19636113941669464,0.7992783188819885
0.17020709812641144,-0.10184600949287415,1.2771488428115845
0.17149263620376587,-0.2500096261501312,1.0499062538146973
0.2519061267375946,-0.11518551409244537,0.8977706432342529
