0.0,0.0,0.8322667479515076
0.03979559242725372,-0.11871743947267532,0.8259280920028687
0.3071404993534088,0.1435358226299286,0.5670448541641235
0.18755985796451569,0.05363684892654419,0.1420496106147766
-0.03867538273334503,0.12006307393312454,0.8413212299346924
0.16542011499404907,0.3604097366333008,0.5605699419975281
0.060934875160455704,0.2678734362125397,0.14428788423538208
-0.028877554461359978,-0.01866920292377472,1.0584404468536377
-0.0416032113134861,-0.014993786811828613,1.3142237663269043
0.019986914470791817,0.036895573139190674,1.4294533729553223
-0.019717860966920853,-0.04566371440887451,1.4587681293487549
-0.14095041155815125,0.10505086183547974,1.275470495223999
0.09702937304973602,0.32203444838523865,1.1978650093078613
0.11105877161026001,0.14840522408485413,1.2466500997543335
0.06297217309474945,-0.12464678287506104,1.3056282997131348
-0.06893902271986008,-0.37837186455726624,1.1968488693237305
0.10496723651885986,-0.23458674550056458,1.2167898416519165
