0.0,0.0,0.8322667479515076
0.1245042011141777,0.0623638816177845,0.8408328890800476
0.157768115401268,0.3723495900630951,0.565874457359314
0.16929566860198975,0.2181972861289978,0.14125317335128784
-0.12128280848264694,-0.06632750481367111,0.826369047164917
-0.16887298226356506,0.168946772813797,0.5296927690505981
-0.19591502845287323,-0.00974738597869873,0.1007223129272461
-0.0056139882653951645,-0.06071960926055908,1.041101336479187
-0.03443732112646103,-0.18339529633522034,1.2575929164886475
-0.04021081328392029,-0.12496805191040039,1.3924410343170166
-0.09307775646448135,-0.2561950385570526,1.4058783054351807
-0.17373400926589966,-0.12003177404403687,1.221520185470581
-0.3471473157405853,-0.10092732310295105,1.0202746391296387
-0.4353593587875366,0.09195499122142792,0.8869335651397705
0.1547422707080841,-0.14560729265213013,1.263389229774475
0.45758160948753357,-0.007494181394577026,1.2347800731658936
0.33137965202331543,0.2078324854373932,1.242745041847229
