0.0,0.0,0.8322667479515076
0.12022324651479721,0.06867989152669907,0.838702917098999
0.16657796502113342,0.4173935055732727,0.581684947013855
0.2479148656129837,0.2522164583206177,0.16056334972381592
-0.11932545900344849,-0.07342022657394409,0.8283984661102295
-0.20230334997177124,0.025578022003173828,0.48357346653938293
-0.20902416110038757,-0.19534718990325928,0.07754021883010864
0.008168492466211319,-0.08455324172973633,1.0397504568099976
-0.005957938730716705,-0.22500865161418915,1.256482481956482
-0.018964983522892,-0.16387349367141724,1.405841588973999
-0.0665997564792633,-0.29251742362976074,1.4211468696594238
-0.15283885598182678,-0.16166624426841736,1.2221362590789795
-0.32605427503585815,-0.14136414229869843,1.0217182636260986
-0.398358017206192,0.08700825273990631,0.9137057065963745
0.18791961669921875,-0.18843448162078857,1.2592628002166748
0.496990442276001,-0.10600703954696655,1.2507878541946411
0.3869725167751312,0.08746623992919922,1.2805888652801514
