0.0,0.0,0.8322667479515076
0.10576096922159195,-0.014691071584820747,0.840397834777832
0.08913981169462204,0.007200509309768677,0.4759503901004791
0.00336504727602005,-0.148121178150177,0.11101526021957397
-0.11144468188285828,-0.013794397935271263,0.82144695520401
-0.12287922203540802,-0.06425169110298157,0.44664111733436584
-0.19775578379631042,-0.2633588910102844,0.07925552129745483
-0.029376599937677383,-0.01640048623085022,1.0514428615570068
-0.0749477744102478,-0.0882834792137146,1.2903108596801758
-0.04558481276035309,-0.026687324047088623,1.4366086721420288
-0.09713973104953766,-0.15017792582511902,1.4498438835144043
-0.19713599979877472,-0.00301399827003479,1.2524206638336182
-0.179598867893219,0.24248006939888,1.0834342241287231
0.03830333054065704,0.3877754807472229,1.179641842842102
0.09804947674274445,-0.06716537475585938,1.2895909547805786
0.3119169771671295,0.16073384881019592,1.2045165300369263
0.23398788273334503,0.40996992588043213,1.2692712545394897
