0.0,0.0,0.8322667479515076
0.09587551653385162,-0.00634996360167861,0.8389515280723572
0.10037453472614288,0.045285940170288086,0.4736972451210022
0.031016580760478973,-0.07469987869262695,0.10814511775970459
-0.09999426454305649,-0.016320882365107536,0.8227027058601379
-0.12025390565395355,-0.05496826767921448,0.44273829460144043
-0.18634051084518433,-0.2334793210029602,0.07248884439468384
-0.023687386885285378,-0.024859443306922913,1.045198917388916
-0.06537795066833496,-0.11370730400085449,1.277918815612793
-0.03283534198999405,-0.06381845474243164,1.426979899406433
-0.0818592980504036,-0.17222610116004944,1.4424413442611694
-0.17072835564613342,-0.010479867458343506,1.2478691339492798
-0.12167860567569733,0.27319392561912537,1.1419165134429932
0.06949375569820404,0.3423658013343811,1.300525426864624
0.09952959418296814,-0.08442234992980957,1.271870493888855
0.3164677023887634,0.15649107098579407,1.268993616104126
0.23035575449466705,0.3379305303096771,1.374445915222168
