0.0,0.0,0.8322667479515076
0.10712815821170807,-0.024741321802139282,0.8399219512939453
0.10258705914020538,0.04253453016281128,0.48397326469421387
0.004024304449558258,-0.12047076225280762,0.10836559534072876
-0.11349773406982422,-0.005361041985452175,0.8224593997001648
-0.09432543069124222,0.026771605014801025,0.4608311653137207
-0.17778737843036652,-0.16664808988571167,0.08810794353485107
-0.03527320921421051,-0.01792989671230316,1.0574336051940918
-0.08268492668867111,-0.06984883546829224,1.3032457828521729
-0.048852890729904175,0.012643992900848389,1.395277738571167
-0.1189185231924057,-0.13771769404411316,1.4097726345062256
-0.2173713743686676,0.010124951601028442,1.2618550062179565
-0.24960297346115112,0.1618555337190628,1.0495301485061646
-0.022477835416793823,0.3097655177116394,1.1416118144989014
0.09178924560546875,-0.07319104671478271,1.3154712915420532
0.2560881972312927,0.005416572093963623,1.1573344469070435
0.20548757910728455,0.2561325430870056,1.2053149938583374
