0.0,0.0,0.8322667479515076
0.05442698299884796,-0.09481368958950043,0.8287045955657959
0.03885706514120102,-0.1580052673816681,0.4256068468093872
-0.04444793611764908,-0.3265206217765808,0.043341219425201416
-0.05644333362579346,0.0827738344669342,0.8372257947921753
-0.04938186705112457,0.11113673448562622,0.45731472969055176
-0.13636434078216553,-0.040962815284729004,0.07594698667526245
-0.03572862222790718,-0.029778167605400085,1.051938533782959
-0.07307261228561401,-0.08300796151161194,1.2971395254135132
-0.01914631389081478,-0.04625934362411499,1.455613136291504
-0.0626823827624321,-0.13739323616027832,1.4751653671264648
-0.1686875820159912,0.04743790626525879,1.2713854312896729
0.059088997542858124,0.28571972250938416,1.1962753534317017
0.049260783940553665,0.10090219974517822,1.361358642578125
0.04049770534038544,-0.16431602835655212,1.2709412574768066
-0.07944351434707642,-0.32455047965049744,1.047407865524292
0.14756052196025848,-0.09932458400726318,1.109560251235962
