0.0,0.0,0.8322667479515076
0.09218167513608932,-0.0076196505688130856,0.8385074138641357
0.08791594952344894,0.030417293310165405,0.4683261215686798
0.027085095643997192,-0.08220481872558594,0.10202187299728394
-0.09592047333717346,-0.014344707131385803,0.8234379291534424
-0.12034628540277481,-0.062123119831085205,0.4401318430900574
-0.18148432672023773,-0.2352699637413025,0.06832212209701538
-0.023093460127711296,-0.025647521018981934,1.037109136581421
-0.06620852649211884,-0.11852896213531494,1.2615954875946045
-0.027962520718574524,-0.06408601999282837,1.4063293933868408
-0.07973181456327438,-0.17525839805603027,1.4203399419784546
-0.17068926990032196,-0.014922142028808594,1.2292625904083252
-0.13555660843849182,0.2560732364654541,1.0991910696029663
0.07959868013858795,0.370505690574646,1.218843936920166
0.09551270306110382,-0.09560808539390564,1.2567548751831055
0.31303665041923523,0.1408860981464386,1.190869927406311
0.23834390938282013,0.3531087338924408,1.2994312047958374
