0.0,0.0,0.8322667479515076
0.1016152948141098,-0.017181776463985443,0.8395329713821411
0.0880192294716835,0.005669057369232178,0.47254669666290283
0.003087364137172699,-0.1487559676170349,0.11327868700027466
-0.1073736622929573,-0.010496798902750015,0.821952760219574
-0.11783073097467422,-0.05922481417655945,0.4472118020057678
-0.19166365265846252,-0.25588005781173706,0.08075892925262451
-0.028330516070127487,-0.01904436945915222,1.0515793561935425
-0.07083135843276978,-0.09501996636390686,1.2911527156829834
-0.025480078533291817,-0.04513794183731079,1.4363179206848145
-0.07521067559719086,-0.16362205147743225,1.4499902725219727
-0.18690918385982513,-0.0031124651432037354,1.2575087547302246
-0.1679580807685852,0.2544317841529846,1.104569911956787
0.04907622188329697,0.3981190025806427,1.2065472602844238
0.0965639054775238,-0.07172244787216187,1.2883694171905518
0.30668342113494873,0.16733890771865845,1.2242767810821533
0.22715312242507935,0.41996657848358154,1.2962656021118164
