0.0,0.0,0.8322667479515076
0.1026763990521431,0.011637267656624317,0.8417311310768127
0.1218346506357193,0.10701745748519897,0.4962514638900757
0.07897473126649857,0.011956870555877686,0.14016902446746826
-0.10503341257572174,-0.03079228475689888,0.820178210735321
-0.128421351313591,-0.08810439705848694,0.44586044549942017
-0.18898186087608337,-0.2794586420059204,0.08166557550430298
-0.02166588045656681,-0.028297677636146545,1.037896990776062
-0.06393074244260788,-0.1308414340019226,1.2617475986480713
-0.028055213391780853,-0.08399021625518799,1.3918402194976807
-0.08206424862146378,-0.2073078751564026,1.3993198871612549
-0.1642836183309555,-0.025698035955429077,1.2403467893600464
-0.14620940387248993,0.2525644600391388,1.1256948709487915
0.08133787661790848,0.375848650932312,1.2310891151428223
0.10396015644073486,-0.0804675817489624,1.2578341960906982
0.321236252784729,0.15635937452316284,1.2436156272888184
0.25169578194618225,0.39508768916130066,1.3155431747436523
