0.0,0.0,0.8322667479515076
0.12241493165493011,0.06604506820440292,0.8411471843719482
0.16401773691177368,0.4097338318824768,0.5802454352378845
0.2239009141921997,0.2439638078212738,0.16033899784088135
-0.12078353762626648,-0.06988032162189484,0.8263611793518066
-0.1771731972694397,0.11697693169116974,0.5134052038192749
-0.18815726041793823,-0.10910016298294067,0.09975379705429077
0.0020893532782793045,-0.0830947607755661,1.0401768684387207
-0.016379792243242264,-0.21789349615573883,1.2582080364227295
-0.02606211043894291,-0.16079163551330566,1.402214527130127
-0.07636111974716187,-0.29157382249832153,1.4164013862609863
-0.1612309366464615,-0.14980289340019226,1.223954200744629
-0.3091369569301605,-0.08518457412719727,1.0098893642425537
-0.3768468499183655,0.11674033850431442,0.8656415343284607
0.17564906179904938,-0.1864643394947052,1.2622536420822144
0.48371556401252747,-0.08358705043792725,1.2389018535614014
0.3766942322254181,0.13466954231262207,1.2675795555114746
