0.0,0.0,0.8322667479515076
0.05825641751289368,-0.0938720777630806,0.8325263857841492
0.22679442167282104,0.08133891224861145,0.5116391181945801
0.14527669548988342,-0.05776166915893555,0.09719091653823853
-0.05508320778608322,0.09776201844215393,0.8367228507995605
0.046560660004615784,0.2392895519733429,0.5042092800140381
-0.05330076813697815,0.12054157257080078,0.09008467197418213
-0.06365127861499786,-0.04197397828102112,1.040910243988037
-0.11747786402702332,-0.09551224112510681,1.2771143913269043
-0.06470561027526855,-0.0736314058303833,1.4012484550476074
-0.1022544801235199,-0.15781980752944946,1.4257605075836182
-0.23474785685539246,0.014238744974136353,1.2457009553909302
-0.1185699999332428,0.2660422623157501,1.1249678134918213
0.033624567091464996,0.2247927486896515,1.222359299659729
0.04973272234201431,-0.09390246868133545,1.2787634134292603
0.05708641931414604,0.19711753726005554,1.1637978553771973
-0.11704578995704651,0.13575327396392822,1.2597473859786987
