0.0,0.0,0.8322667479515076
0.11403176933526993,0.014348374679684639,0.84349524974823
0.1582050770521164,0.10525509715080261,0.4833829402923584
0.13088394701480865,0.021701574325561523,0.09030479192733765
-0.11706113815307617,-0.034730490297079086,0.8200613856315613
-0.13123585283756256,-0.1042492687702179,0.4143691956996918
-0.1903584748506546,-0.25716477632522583,0.011225879192352295
-0.01974281668663025,-0.043945103883743286,1.049748182296753
-0.05655941739678383,-0.14194807410240173,1.2834222316741943
-0.03158487752079964,-0.09325256943702698,1.4133663177490234
-0.08994154632091522,-0.22388598322868347,1.4239907264709473
-0.1917647272348404,-0.08923795819282532,1.243589162826538
-0.3455161154270172,-0.10560101270675659,1.0189297199249268
-0.3930705785751343,0.1466105878353119,1.1595990657806396
0.12558957934379578,-0.09658372402191162,1.2940338850021362
0.337035596370697,0.10633760690689087,1.189292311668396
0.22292664647102356,0.3154437243938446,1.2842800617218018
