0.0,0.0,0.8322667479515076
0.09132709354162216,-0.029857562854886055,0.8300804495811462
0.09486714750528336,0.026441216468811035,0.4778469502925873
0.01494009792804718,-0.1243254542350769,0.07980436086654663
-0.10065972059965134,-0.0063832709565758705,0.8299151062965393
-0.17153295874595642,-0.11111077666282654,0.46487972140312195
-0.31381288170814514,-0.2657585144042969,0.0750916600227356
-0.009504267945885658,-0.01985788345336914,1.0535379648208618
-0.03256046026945114,-0.10199180245399475,1.296303629875183
0.001990150660276413,-0.05031585693359375,1.3845410346984863
-0.06937408447265625,-0.19497495889663696,1.3969959020614624
-0.16525918245315552,-0.046499162912368774,1.2751264572143555
-0.38481247425079346,-0.033986806869506836,1.3192476034164429
-0.5329718589782715,0.07296878099441528,1.4205589294433594
0.14157956838607788,-0.05801206827163696,1.2929548025131226
0.330556720495224,0.15153872966766357,1.1788177490234375
0.2439989149570465,0.36828699707984924,1.252040147781372
