0.0,0.0,0.8322667479515076
0.12378274649381638,0.04860382154583931,0.8454355001449585
0.1552097350358963,0.2323226034641266,0.5204482078552246
0.15478438138961792,0.1377652883529663,0.11633342504501343
-0.12221843004226685,-0.05803047865629196,0.8205164670944214
-0.18824955821037292,-0.12188720703125,0.43063053488731384
-0.2557329535484314,-0.28700393438339233,0.0318264365196228
-0.008360950276255608,-0.07109960913658142,1.035898208618164
-0.037598274648189545,-0.1992616355419159,1.2524683475494385
-0.01062096655368805,-0.14605340361595154,1.3855594396591187
-0.06585494428873062,-0.2730298340320587,1.3959019184112549
-0.16916003823280334,-0.14391890168190002,1.211970329284668
-0.21935489773750305,-0.15308785438537598,0.9661922454833984
-0.20855754613876343,0.07928603142499924,0.8650562167167664
0.14186878502368927,-0.1481730341911316,1.2649157047271729
0.3773534893989563,0.05754098296165466,1.1764209270477295
0.2876089811325073,0.269591748714447,1.2734451293945312
