0.0,0.0,0.8322667479515076
0.1173567846417427,0.07441335916519165,0.8365747332572937
0.14610561728477478,0.34819236397743225,0.5526630878448486
0.18863245844841003,0.20956355333328247,0.13513875007629395
-0.11430956423282623,-0.07930651307106018,0.828539252281189
-0.2344292849302292,-0.0613689124584198,0.46617022156715393
-0.2625275254249573,-0.22956788539886475,0.06466591358184814
0.019040163606405258,-0.0421580970287323,1.057815670967102
0.04423514008522034,-0.1047109067440033,1.3067482709884644
0.044516246765851974,-0.05302828550338745,1.3934462070465088
-0.011534184217453003,-0.17208951711654663,1.4141243696212769
-0.11218376457691193,-0.11377206444740295,1.2897378206253052
-0.3574049472808838,-0.182630717754364,1.3245078325271606
-0.5059925317764282,-0.0638921856880188,1.4408972263336182
0.21326497197151184,-0.06174769997596741,1.2885524034500122
0.4319245219230652,0.14677879214286804,1.2210547924041748
0.33862531185150146,0.3855825662612915,1.2789366245269775
