0.0,0.0,0.8322667479515076
0.09292440116405487,-0.00946391187608242,0.8383948802947998
0.0860041007399559,0.02305549383163452,0.4642966389656067
0.020326703786849976,-0.09398281574249268,0.09933781623840332
-0.09688260406255722,-0.012824811972677708,0.8236481547355652
-0.1195230633020401,-0.05701380968093872,0.4386388957500458
-0.1804029494524002,-0.22962641716003418,0.06898605823516846
-0.02253364399075508,-0.02480126917362213,1.0384477376937866
-0.06475230306386948,-0.11557021737098694,1.2645843029022217
-0.026745310053229332,-0.05838501453399658,1.4075899124145508
-0.07969054579734802,-0.1723787486553192,1.4237861633300781
-0.17096561193466187,-0.013296037912368774,1.2320109605789185
-0.1363096684217453,0.25699394941329956,1.1020969152450562
0.07935798168182373,0.3661310374736786,1.2238343954086304
0.09830161929130554,-0.09265071153640747,1.259876012802124
0.31504911184310913,0.14248546957969666,1.196729063987732
0.22786319255828857,0.35196131467819214,1.3043806552886963
