0.0,0.0,0.8322667479515076
0.06945709884166718,-0.08108222484588623,0.8325204849243164
0.14071527123451233,-0.08115950226783752,0.452610582113266
0.07970695197582245,-0.2493685483932495,0.05440926551818848
-0.08016664534807205,0.0565313994884491,0.8305471539497375
-0.09892813861370087,-0.04745534062385559,0.4218810498714447
-0.17849284410476685,-0.24017620086669922,0.02502375841140747
-0.03097577765583992,-0.03167673945426941,1.0597107410430908
-0.06717391312122345,-0.09701985120773315,1.3082051277160645
-0.049815498292446136,-0.047843873500823975,1.4664905071258545
-0.09725822508335114,-0.1584799885749817,1.479268193244934
-0.1936330646276474,-0.00668761134147644,1.2890348434448242
-0.2163955420255661,0.04833412170410156,1.0684545040130615
0.007501237094402313,0.24911607801914215,1.0296413898468018
0.08302465081214905,-0.1348942220211029,1.2804863452911377
0.22697409987449646,-0.14638443291187286,1.1028902530670166
0.24681763350963593,0.1364177018404007,1.1110260486602783
