0.0,0.0,0.8322667479515076
0.10387708991765976,-0.00920851994305849,0.8407442569732666
0.08082220703363419,0.013202488422393799,0.462879478931427
0.0005632191896438599,-0.12988626956939697,0.09957027435302734
-0.1085946187376976,-0.016860445961356163,0.8211143016815186
-0.12293987721204758,-0.05478018522262573,0.43963634967803955
-0.19673262536525726,-0.24451690912246704,0.07294797897338867
-0.027544604614377022,-0.02066771686077118,1.0522465705871582
-0.07193067669868469,-0.0960184633731842,1.2922780513763428
-0.03963518515229225,-0.04147225618362427,1.4270329475402832
-0.09781557321548462,-0.1664024293422699,1.4390567541122437
-0.189005047082901,-0.005407571792602539,1.2548471689224243
-0.1572810709476471,0.24872209131717682,1.1024689674377441
0.05266139656305313,0.3822367489337921,1.2208958864212036
0.10017839819192886,-0.07075995206832886,1.2976032495498657
0.3122052550315857,0.16430675983428955,1.2511072158813477
0.2297711968421936,0.409902960062027,1.319153070449829
