0.0,0.0,0.8322667479515076
0.1040751114487648,-0.007074686698615551,0.8433765172958374
0.14431455731391907,0.04644966125488281,0.47204622626304626
0.09358523786067963,-0.08217090368270874,0.08614498376846313
-0.1096256822347641,-0.02389807067811489,0.8176891803741455
-0.14069363474845886,-0.09863978624343872,0.42349690198898315
-0.22900208830833435,-0.2586120367050171,0.020039856433868408
-0.037925057113170624,-0.02019573748111725,1.052128553390503
-0.08535346388816833,-0.10489431023597717,1.2909464836120605
-0.04093542695045471,-0.06640687584877014,1.3889871835708618
-0.10514296591281891,-0.19776731729507446,1.4001883268356323
-0.2194693684577942,-0.048767417669296265,1.2619719505310059
-0.428972452878952,0.013689577579498291,1.3263604640960693
-0.579229474067688,0.1262528896331787,1.4430524110794067
0.09712821245193481,-0.04631134867668152,1.2997952699661255
0.2615889012813568,0.17149093747138977,1.1874761581420898
0.17096556723117828,0.3904973566532135,1.2619249820709229
