0.0,0.0,0.8322667479515076
0.05474287271499634,-0.09686408936977386,0.8300785422325134
0.243462473154068,0.12045210599899292,0.5421635508537292
0.16926538944244385,-0.0023010969161987305,0.1414523720741272
-0.05070866644382477,0.10271955281496048,0.8381675481796265
0.05789174139499664,0.24186012148857117,0.5171923637390137
-0.0023965276777744293,0.12311702966690063,0.11674469709396362
-0.043176986277103424,-0.039196163415908813,1.0474525690078735
-0.08314086496829987,-0.09805437922477722,1.2877839803695679
-0.02884911745786667,-0.06705042719841003,1.3918566703796387
-0.0756211131811142,-0.16209253668785095,1.412999153137207
-0.18092584609985352,0.03137844800949097,1.2651621103286743
-0.05518971383571625,0.25441136956214905,1.1108307838439941
0.11708400398492813,0.180223286151886,1.1973931789398193
0.06185466796159744,-0.11873838305473328,1.2830700874328613
0.17362959682941437,0.13011181354522705,1.1689023971557617
-0.0011914223432540894,0.16924768686294556,1.1985681056976318
