0.0,0.0,0.8322667479515076
0.040238261222839355,-0.12028416991233826,0.8298746347427368
0.23148010671138763,-0.03400537371635437,0.5264471173286438
0.12626153230667114,-0.1452694535255432,0.09026116132736206
-0.0400356650352478,0.12058404833078384,0.837655246257782
0.19471585750579834,0.372465044260025,0.5631148815155029
0.02039380371570587,0.2862565219402313,0.13792043924331665
-0.05086006224155426,-0.055855825543403625,1.0413204431533813
-0.0976845771074295,-0.13708755373954773,1.2671234607696533
-0.04467698931694031,-0.08971706032752991,1.4066407680511475
-0.1105622798204422,-0.22233274579048157,1.415541648864746
-0.21673890948295593,-0.009796738624572754,1.2543590068817139
-0.2881202697753906,0.2587449550628662,1.136909008026123
-0.025268658995628357,0.4115021228790283,1.204244613647461
0.05768795311450958,-0.17374056577682495,1.2462375164031982
0.16897794604301453,-0.24200968444347382,1.0120365619659424
0.37469926476478577,-0.09493742138147354,0.8599027991294861
