0.0,0.0,0.8322667479515076
0.0358000323176384,-0.1184532418847084,0.8282561898231506
0.22590680420398712,-0.015969842672348022,0.5420918464660645
0.10491234064102173,-0.11608189344406128,0.11393719911575317
-0.03461743891239166,0.11900115758180618,0.8395118117332458
0.17567209899425507,0.3793371319770813,0.5796107053756714
0.043460480868816376,0.27734997868537903,0.15992683172225952
-0.06271345168352127,-0.06596072018146515,1.0302314758300781
-0.12223166972398758,-0.15977591276168823,1.2486499547958374
-0.06625456362962723,-0.12009093165397644,1.3813836574554443
-0.1306653916835785,-0.25514692068099976,1.3900985717773438
-0.23481498658657074,-0.02776244282722473,1.2361912727355957
-0.32750990986824036,0.22164449095726013,1.121469497680664
-0.10495278239250183,0.33315277099609375,1.2317582368850708
0.028162620961666107,-0.19720517098903656,1.229722261428833
0.15457788109779358,-0.2927393317222595,1.0319467782974243
0.3827601373195648,-0.16430756449699402,0.9032342433929443
