0.0,0.0,0.8322667479515076
0.09354724735021591,-0.011238304898142815,0.8378680944442749
0.09252039343118668,0.02689337730407715,0.4722258150577545
0.01888517290353775,-0.10235393047332764,0.11017066240310669
-0.09795783460140228,-0.012313012033700943,0.8233007192611694
-0.11900432407855988,-0.05217304825782776,0.44869938492774963
-0.19005334377288818,-0.23570573329925537,0.07986313104629517
-0.025797216221690178,-0.02367977797985077,1.044071078300476
-0.07115383446216583,-0.1120811402797699,1.275538444519043
-0.03749465569853783,-0.061216890811920166,1.4249136447906494
-0.08701225370168686,-0.1702532172203064,1.4397566318511963
-0.17344173789024353,-0.00823289155960083,1.2412378787994385
-0.12826396524906158,0.2720371186733246,1.1228489875793457
0.07089940458536148,0.374970406293869,1.2695974111557007
0.09119023382663727,-0.08517131209373474,1.2738397121429443
0.31536170840263367,0.15270814299583435,1.2690049409866333
0.2563381791114807,0.39073145389556885,1.3479853868484497
