0.0,0.0,0.8322667479515076
0.1152772530913353,0.0056747677735984325,0.8399841785430908
0.09080066531896591,0.06999430060386658,0.4623680114746094
0.04225437343120575,-0.05445206165313721,0.06348484754562378
-0.11479993164539337,-0.021582188084721565,0.8260106444358826
-0.14942225813865662,0.050005048513412476,0.46726474165916443
-0.2703847289085388,-0.11830312013626099,0.07852345705032349
-0.019428718835115433,-0.04140298068523407,1.0507327318191528
-0.0529639832675457,-0.12183520197868347,1.2889647483825684
-0.02638416551053524,-0.08532798290252686,1.401000738143921
-0.07288308441638947,-0.18805474042892456,1.4197936058044434
-0.1761457473039627,-0.023017078638076782,1.2464990615844727
-0.05072773993015289,0.2275792509317398,1.1197245121002197
0.10041366517543793,0.145817369222641,1.2200456857681274
0.12540319561958313,-0.09599176049232483,1.305781602859497
0.17483967542648315,0.16214925050735474,1.1505695581436157
-0.020011000335216522,0.1821672022342682,1.2291425466537476
