0.0,0.0,0.8322667479515076
0.08362139761447906,-0.057485051453113556,0.8329098224639893
0.13778500258922577,0.06262814998626709,0.48360517621040344
0.13468122482299805,-0.05298018455505371,0.09180253744125366
-0.08953375369310379,0.03954536095261574,0.83186936378479
-0.06481198221445084,0.06802895665168762,0.45736855268478394
-0.12045811116695404,-0.09458154439926147,0.06503027677536011
0.0007409157697111368,-0.018420934677124023,1.0540363788604736
0.009725227952003479,-0.035848021507263184,1.3028620481491089
0.057353053241968155,0.02659428119659424,1.4121155738830566
0.00243244506418705,-0.0922161340713501,1.4337739944458008
-0.10779497027397156,0.07126247882843018,1.2726404666900635
0.048336610198020935,0.28394508361816406,1.1204811334609985
0.19061662256717682,0.16254451870918274,1.220853328704834
0.14304552972316742,-0.09349340200424194,1.2913132905960083
0.10965137183666229,-0.2162093222141266,1.0439934730529785
0.2757628560066223,-0.005599230527877808,1.1000401973724365
