0.0,0.0,0.8322667479515076
0.10867159813642502,-0.024603895843029022,0.8412274718284607
0.11017477512359619,0.04818519949913025,0.49872562289237976
0.00968191772699356,-0.1188402771949768,0.12211239337921143
-0.1143425777554512,-0.003886605380102992,0.8216043710708618
-0.08545412123203278,0.0433441698551178,0.4803192615509033
-0.170089453458786,-0.15910416841506958,0.10634368658065796
-0.03723704442381859,-0.020027652382850647,1.057836651802063
-0.08795127272605896,-0.07870599627494812,1.3037002086639404
-0.06230757385492325,-0.00975710153579712,1.4244346618652344
-0.12754961848258972,-0.15103983879089355,1.4380195140838623
-0.22165654599666595,0.00341796875,1.261550784111023
-0.25515854358673096,0.15454143285751343,1.0394231081008911
-0.01976202428340912,0.3076053857803345,1.131338119506836
0.09004152566194534,-0.07529085874557495,1.312050223350525
0.2763381004333496,0.05120512843132019,1.150529384613037
0.19610410928726196,0.29037150740623474,1.1985501050949097
