0.0,0.0,0.8322667479515076
0.11413634568452835,0.03858720511198044,0.8427232503890991
0.1742384284734726,0.24263006448745728,0.5280298590660095
0.2240750789642334,0.15382897853851318,0.1444140076637268
-0.11467236280441284,-0.047342877835035324,0.8244314789772034
-0.15554991364479065,-0.07022574543952942,0.43717920780181885
-0.20892930030822754,-0.20926791429519653,0.03942602872848511
0.005892232060432434,-0.04901598393917084,1.0359301567077637
-0.0014418475329875946,-0.1373189091682434,1.2618762254714966
0.0006439406424760818,-0.08839821815490723,1.3661165237426758
-0.04013463109731674,-0.18691247701644897,1.390432357788086
-0.11874105036258698,-0.03829875588417053,1.2374544143676758
0.013270661234855652,0.20037898421287537,1.096806526184082
0.20477426052093506,0.09931084513664246,1.141127586364746
0.17536523938179016,-0.09849116206169128,1.2605279684066772
0.19612117111682892,0.19420242309570312,1.1449360847473145
0.01339033991098404,0.15745842456817627,1.2363783121109009
