0.0,0.0,0.8322667479515076
0.10145989060401917,-0.008790256455540657,0.8376034498214722
0.10629291832447052,0.034669339656829834,0.47052863240242004
0.03581546992063522,-0.10289889574050903,0.07942074537277222
-0.10791487991809845,-0.024346206337213516,0.8231121301651001
-0.16858458518981934,-0.11314025521278381,0.4449721872806549
-0.2811410129070282,-0.2760120630264282,0.047741711139678955
-0.01914341188967228,-0.017662599682807922,1.053990125656128
-0.04910144582390785,-0.09662804007530212,1.2972687482833862
-0.012508636340498924,-0.05079770088195801,1.3875893354415894
-0.08147797733545303,-0.190498948097229,1.4005706310272217
-0.18412911891937256,-0.04618489742279053,1.2715744972229004
-0.3981799781322479,-0.00489354133605957,1.3281892538070679
-0.5424944758415222,0.1132001280784607,1.4348533153533936
0.1282605677843094,-0.04502546787261963,1.2991682291030884
0.30778345465660095,0.17098310589790344,1.1940276622772217
0.232710599899292,0.3953286111354828,1.2578916549682617
