0.0,0.0,0.8390598297119141
0.1301017701625824,0.0396106094121933,0.8587344288825989
0.16415345668792725,0.01819545030593872,0.49640512466430664
0.18763339519500732,-0.10506761074066162,0.13305062055587769
-0.12285958230495453,-0.04555113986134529,0.8224877119064331
-0.15918956696987152,0.2269330471754074,0.5348929166793823
-0.20183150470256805,-0.004987955093383789,0.15750586986541748
-0.02930559404194355,-0.004055827856063843,1.0733815431594849
-0.06948584318161011,-0.061349302530288696,1.3277703523635864
0.005833214148879051,-0.030339717864990234,1.4537930488586426
-0.051938969641923904,-0.15319931507110596,1.4697670936584473
-0.19229792058467865,0.013395756483078003,1.2890087366104126
-0.22842825949192047,0.002501651644706726,1.0658677816390991
-0.05524560064077377,0.10867547988891602,0.9301878809928894
0.05582578480243683,-0.111957848072052,1.3166720867156982
0.10897804796695709,-0.3393448293209076,1.1966090202331543
0.2324943244457245,-0.3714764416217804,1.1723982095718384
