0.0,0.0,0.8390598297119141
0.12629370391368866,0.028614936396479607,0.850581705570221
0.2292458713054657,0.17598068714141846,0.5003712773323059
0.18096351623535156,0.06566429138183594,0.10436636209487915
-0.11946528404951096,-0.027227425947785378,0.8304715752601624
-0.17320489883422852,0.24752503633499146,0.5453195571899414
-0.2608116865158081,0.13073283433914185,0.17483949661254883
0.0006103157065808773,-0.02889592945575714,1.0817296504974365
-0.003341861069202423,-0.1033361554145813,1.342252492904663
0.06472322344779968,-0.10307645797729492,1.4515384435653687
0.028295859694480896,-0.20113924145698547,1.4760351181030273
-0.1307309865951538,-0.019879549741744995,1.3394328355789185
-0.14556361734867096,0.23888686299324036,1.312562108039856
0.04116968810558319,0.15857219696044922,1.3912317752838135
0.15606524050235748,-0.08527514338493347,1.3141430616378784
0.3969592750072479,0.09659278392791748,1.3035305738449097
0.23356106877326965,0.11891847848892212,1.3866865634918213
