0.0,0.0,0.8390598297119141
0.04497815668582916,-0.12371398508548737,0.8285056948661804
-0.011744365096092224,-0.24687522649765015,0.42480260133743286
-0.17090745270252228,-0.4453173279762268,0.0361095666885376
-0.04646560549736023,0.12128792703151703,0.8522870540618896
0.09781798720359802,0.34247052669525146,0.5383316874504089
-0.04671555012464523,0.24441200494766235,0.17942214012145996
-0.02248791977763176,-0.05514633655548096,1.0768595933914185
-0.04069184511899948,-0.1547011435031891,1.32807457447052
0.06786555051803589,-0.14678093791007996,1.448150634765625
0.012470267713069916,-0.25963294506073,1.4709925651550293
-0.13167697191238403,-0.017881691455841064,1.3737801313400269
-0.016269773244857788,0.28138118982315063,1.340247631072998
0.13241928815841675,0.3138452172279358,1.3742954730987549
0.06356494128704071,-0.21287742257118225,1.2587716579437256
0.07981106638908386,-0.26495349407196045,0.9893579483032227
0.26016613841056824,-0.08650962263345718,0.8443663120269775
