0.0,0.0,0.8390598297119141
0.09773268550634384,0.017738793045282364,0.8522751331329346
0.10481205582618713,0.14072129130363464,0.5208590030670166
0.0512608103454113,0.05731171369552612,0.15840893983840942
-0.10147218406200409,-0.038044046610593796,0.8230280876159668
-0.12763234972953796,-0.13437381386756897,0.445112943649292
-0.19454705715179443,-0.3380587100982666,0.07744938135147095
-0.028951356187462807,-0.040902167558670044,1.0436465740203857
-0.08657657355070114,-0.16602692008018494,1.2627465724945068
-0.0689714327454567,-0.10019952058792114,1.405264139175415
-0.13116666674613953,-0.23346704244613647,1.4062376022338867
-0.18909721076488495,-0.07568532228469849,1.230661392211914
-0.24605581164360046,0.2155451476573944,1.2604246139526367
-0.17233723402023315,0.3754040002822876,1.4606826305389404
0.0791354775428772,-0.12513956427574158,1.2706743478775024
0.34169790148735046,0.05557933449745178,1.3386666774749756
0.3149813115596771,0.13659608364105225,1.5216063261032104
