0.0,0.0,0.8390598297119141
0.10827555507421494,0.011114833876490593,0.8470252752304077
0.034685004502534866,-0.051385343074798584,0.4509163796901703
-0.04550211876630783,-0.24596548080444336,0.11464512348175049
-0.11522837728261948,-0.04242764040827751,0.8279610872268677
-0.14507892727851868,-0.11716434359550476,0.42721760272979736
-0.2002526968717575,-0.32652348279953003,0.039566218852996826
-0.007710929960012436,-0.023818790912628174,1.0663586854934692
-0.008820874616503716,-0.05774602293968201,1.3241970539093018
0.03021336905658245,-0.011640608310699463,1.4554697275161743
-0.030665628612041473,-0.14053750038146973,1.4661704301834106
-0.14883644878864288,-0.016268432140350342,1.2997090816497803
-0.23066768050193787,-0.08341434597969055,1.0387587547302246
-0.17102089524269104,0.03969459608197212,0.8678575158119202
0.13657422363758087,-0.07565930485725403,1.3015049695968628
0.12275971472263336,-0.15729445219039917,1.0437122583389282
0.1946592479944229,-0.011179231107234955,0.8816927671432495
