0.0,0.0,0.8390598297119141
0.08996212482452393,-0.07354265451431274,0.8378833532333374
0.1589839607477188,-0.1187150776386261,0.49289670586586
0.09162428975105286,-0.3244923949241638,0.12782490253448486
-0.09553338587284088,0.058274827897548676,0.8418140411376953
-0.12121634185314178,0.20713284611701965,0.5261719822883606
-0.258065402507782,0.12322616577148438,0.17211997509002686
-0.011623645201325417,-0.016432464122772217,1.0796195268630981
-0.010127847082912922,-0.042893290519714355,1.3417682647705078
0.07623440027236938,-0.018325984477996826,1.494835615158081
0.04003255069255829,-0.1115415096282959,1.521740198135376
-0.15656159818172455,0.025131016969680786,1.3183181285858154
-0.24973151087760925,-0.02937859296798706,1.0502519607543945
-0.20229804515838623,0.0867200642824173,0.8700937628746033
0.12081693112850189,-0.11036691069602966,1.3026597499847412
0.15453177690505981,-0.2389526516199112,1.0538123846054077
0.22880131006240845,-0.14314064383506775,0.8743851184844971
