0.0,0.0,0.8390598297119141
0.04806527495384216,-0.10670427978038788,0.8293486833572388
0.1143474131822586,-0.09505397081375122,0.5076481103897095
-0.07013174891471863,-0.2755160331726074,0.16450047492980957
-0.04460985213518143,0.1072690561413765,0.850639283657074
0.0069489628076553345,0.26463598012924194,0.5394454002380371
-0.08267617970705032,0.14935076236724854,0.17919021844863892
-0.03687707334756851,-0.026882007718086243,1.067896842956543
-0.07121385633945465,-0.07134822010993958,1.324228286743164
0.00536530464887619,-0.03536492586135864,1.433010220527649
-0.048565372824668884,-0.15166625380516052,1.4524588584899902
-0.1709892898797989,0.04312103986740112,1.2964985370635986
-0.20446735620498657,0.31754112243652344,1.218576431274414
0.012444630265235901,0.3998427391052246,1.2853333950042725
0.047716811299324036,-0.1336609125137329,1.3148505687713623
0.26852908730506897,-0.06088346242904663,1.2625988721847534
0.1915413737297058,0.155817449092865,1.2991087436676025
