0.0,0.0,0.8390598297119141
0.11749833822250366,0.013940675184130669,0.8510491251945496
0.07530681043863297,0.028937041759490967,0.48755505681037903
0.05250534415245056,-0.14595597982406616,0.10492563247680664
-0.11999117583036423,-0.03990970179438591,0.82607102394104
-0.15819010138511658,-0.10753580927848816,0.43682658672332764
-0.2557694613933563,-0.28618186712265015,0.032372474670410156
-0.018819695338606834,-0.008383572101593018,1.0627487897872925
-0.032029204070568085,-0.046169430017471313,1.3119525909423828
0.055145833641290665,-0.02668827772140503,1.445337176322937
0.013898387551307678,-0.12317383289337158,1.468395471572876
-0.17133603990077972,0.010832071304321289,1.2810533046722412
-0.2630928158760071,-0.02611897885799408,1.0293104648590088
-0.046811528503894806,0.18078169226646423,0.9982331991195679
0.10767807066440582,-0.07846218347549438,1.2867321968078613
0.17084269225597382,-0.11855344474315643,1.0551786422729492
0.1526404321193695,0.12293089926242828,0.9748110175132751
