0.0,0.0,0.8390598297119141
0.04673406481742859,-0.12038188427686691,0.8244707584381104
-0.006602652370929718,-0.23368939757347107,0.4364143908023834
-0.2094225287437439,-0.39281052350997925,0.06292128562927246
-0.04598269611597061,0.11671018600463867,0.8563889265060425
0.0282047837972641,0.3705665171146393,0.5595923066139221
-0.12054036557674408,0.36046576499938965,0.2060663104057312
-0.03314850851893425,-0.058246463537216187,1.0711441040039062
-0.059872496873140335,-0.14968690276145935,1.321931004524231
0.046188659965991974,-0.14567318558692932,1.4437154531478882
-0.001022234559059143,-0.24976831674575806,1.466981053352356
-0.1439661681652069,-0.006982743740081787,1.3574330806732178
4.892796277999878e-05,0.25792133808135986,1.4014219045639038
0.10465231537818909,0.2597159743309021,1.4157216548919678
0.03902021795511246,-0.2132555991411209,1.2592017650604248
0.027030691504478455,-0.2887566089630127,0.9923413991928101
0.13852308690547943,-0.17066945135593414,0.8351410627365112
