0.0,0.0,0.8390598297119141
0.060764335095882416,-0.05788396671414375,0.8380821943283081
-0.008650239557027817,-0.12733757495880127,0.43546080589294434
-0.1122521311044693,-0.2784706950187683,0.04952192306518555
-0.05825676769018173,0.042595092207193375,0.8386269211769104
-0.09303463995456696,0.01524573564529419,0.4511911869049072
-0.17885509133338928,-0.13410049676895142,0.06152236461639404
-0.05145079642534256,-0.031813740730285645,1.0496352910995483
-0.10100139677524567,-0.08145248889923096,1.2910741567611694
-0.0714903324842453,-0.07272183895111084,1.4236960411071777
-0.10682671517133713,-0.14981037378311157,1.4458781480789185
-0.16048233211040497,0.05589228868484497,1.2709529399871826
0.09601432830095291,0.17699599266052246,1.1129156351089478
0.08703812211751938,-0.03161217272281647,1.1066869497299194
-0.004765916615724564,-0.13863617181777954,1.2728512287139893
0.1282380223274231,-0.012274771928787231,1.1166915893554688
0.04450952634215355,0.1545204520225525,1.126487135887146
