0.0,0.0,0.8390598297119141
0.08391067385673523,-0.043775804340839386,0.8315654397010803
0.04348986595869064,-0.046874821186065674,0.45118892192840576
-0.03157795965671539,-0.18697130680084229,0.05545675754547119
-0.08865389227867126,0.026613274589180946,0.8456568717956543
0.000334031879901886,0.2582550346851349,0.6166518330574036
-0.12318085134029388,0.05845344066619873,0.2203466296195984
-0.013756191357970238,-0.04439292848110199,1.0469719171524048
-0.037886619567871094,-0.12141531705856323,1.2774178981781006
-0.03553391620516777,-0.06068611145019531,1.4384007453918457
-0.0866716206073761,-0.16554385423660278,1.4481558799743652
-0.1586287021636963,-0.03634142875671387,1.2506380081176758
-0.10838370025157928,0.21289680898189545,1.0836279392242432
0.11700379848480225,0.3656466007232666,1.1170568466186523
0.11649967730045319,-0.12978595495224,1.2515259981155396
0.16251647472381592,-0.08650467544794083,1.0315992832183838
0.22552481293678284,0.19983725249767303,1.0940957069396973
