0.0,0.0,0.8390598297119141
0.0358184278011322,-0.12389501184225082,0.8280901312828064
0.0008184909820556641,-0.24521470069885254,0.4362207055091858
-0.12919849157333374,-0.45106393098831177,0.055085718631744385
-0.03943768888711929,0.12130364775657654,0.851377010345459
0.09337197244167328,0.2955755889415741,0.5381372570991516
-0.014147475361824036,0.19327691197395325,0.18643587827682495
-0.01212016586214304,-0.06606556475162506,1.0626075267791748
-0.02646302431821823,-0.1883639395236969,1.2962045669555664
0.06378215551376343,-0.17748093605041504,1.425661563873291
0.004218883812427521,-0.29651570320129395,1.43874192237854
-0.10171666741371155,-0.04341930150985718,1.3445045948028564
-0.07454109191894531,0.24604713916778564,1.2510040998458862
0.13349604606628418,0.332733154296875,1.308443546295166
0.06895364820957184,-0.23314033448696136,1.2245211601257324
0.09845797717571259,-0.27883321046829224,0.9701911211013794
0.28158777952194214,-0.10982833802700043,0.8365592360496521
