0.0,0.0,0.8390598297119141
0.02116735279560089,-0.1267423778772354,0.8201781511306763
0.016179174184799194,-0.199838787317276,0.42177194356918335
-0.16390681266784668,-0.3240702748298645,0.007279515266418457
-0.026996076107025146,0.12361054122447968,0.8573309183120728
0.1220761314034462,0.3178715407848358,0.5550180673599243
0.20535528659820557,0.2792412042617798,0.24613267183303833
0.013836028054356575,-0.027512595057487488,1.072349190711975
0.023912709206342697,-0.07053032517433167,1.3323918581008911
0.029765762388706207,-0.04404008388519287,1.4717994928359985
-0.023129094392061234,-0.12195724248886108,1.4910168647766113
-0.029575549066066742,0.08487439155578613,1.331568717956543
0.11828753352165222,0.3395242989063263,1.3496843576431274
0.221793532371521,0.5234869718551636,1.4534580707550049
0.11087962985038757,-0.16393384337425232,1.289952278137207
0.30526044964790344,-0.2382735162973404,1.2582249641418457
0.5716952085494995,-0.14894157648086548,1.3312889337539673
