0.0,0.0,0.8390598297119141
0.018790654838085175,-0.12377852201461792,0.8075394630432129
0.06689737737178802,-0.1908215582370758,0.4994415044784546
-0.09361762553453445,-0.2286948561668396,0.13262540102005005
-0.01911725103855133,0.11884631216526031,0.8714521527290344
-0.053884148597717285,0.38164275884628296,0.5957068204879761
-0.17187798023223877,0.6742457151412964,0.32920408248901367
0.011668926104903221,-0.0627097487449646,1.0607104301452637
0.0336557999253273,-0.1331143081188202,1.3109169006347656
0.09972864389419556,-0.12454405426979065,1.445936679840088
0.05852276831865311,-0.19546806812286377,1.474554181098938
0.00523940846323967,0.02819499373435974,1.328589677810669
0.1146053746342659,0.23166000843048096,1.336838722229004
0.1031985804438591,0.12709566950798035,1.367229700088501
0.08613932132720947,-0.20487646758556366,1.2625881433486938
-0.030552998185157776,-0.3300989866256714,1.0361765623092651
-0.08170770108699799,-0.39779478311538696,0.8048582077026367
