0.0,0.0,0.8390598297119141
0.13247373700141907,0.046641185879707336,0.8640281558036804
0.18700425326824188,0.03024992346763611,0.5039021968841553
0.22344940900802612,-0.09118527173995972,0.14201223850250244
-0.1236736997961998,-0.046678926795721054,0.8183415532112122
-0.1374645233154297,0.32873299717903137,0.5787503719329834
-0.14279139041900635,0.12586843967437744,0.1901710033416748
-0.04241389036178589,-0.020536988973617554,1.078687310218811
-0.09079723805189133,-0.08262035250663757,1.340160846710205
-0.011901234276592731,-0.0701667070388794,1.4608333110809326
-0.06715890765190125,-0.18835774064064026,1.477946400642395
-0.21104265749454498,-0.00020292401313781738,1.3089275360107422
-0.1454349160194397,0.009782165288925171,1.1064743995666504
-0.026440680027008057,-0.010936148464679718,0.9171276092529297
0.0340210422873497,-0.13255524635314941,1.3307271003723145
0.09219519793987274,-0.3762892782688141,1.2663147449493408
0.1935558319091797,-0.5256801843643188,1.2315365076065063
